0.28 0.1 0.29 0.14 0.27 0.14 0.26 0.2 0.26 0.25 0.32 0.14 0.32 0.21 0.31 0.16 0.27 0.27 0.26 0.36 0.26 0.45 0.3 0.27 0.32 0.36 0.34 0.44 0.0 0.0 0.29 0.1 0.0 0.0 0.3 0.11 0.13 0.08 0.11 0.12 0.12 0.12 0.15 0.16 0.17 0.15 0.1 0.12 0.0 0.0 0.0 0.0 0.12 0.25 0.15 0.33 0.1 0.36 0.12 0.24 0.15 0.33 0.0 0.0 0.13 0.07 0.0 0.0 0.12 0.08 0.0 0.0
0.28 0.1 0.29 0.14 0.27 0.14 0.26 0.2 0.26 0.25 0.32 0.14 0.32 0.21 0.31 0.16 0.27 0.27 0.26 0.36 0.26 0.45 0.3 0.27 0.32 0.36 0.34 0.45 0.0 0.0 0.29 0.1 0.0 0.0 0.3 0.11 0.13 0.08 0.11 0.12 0.12 0.12 0.15 0.16 0.17 0.15 0.1 0.12 0.0 0.0 0.0 0.0 0.13 0.24 0.16 0.33 0.1 0.35 0.12 0.24 0.0 0.0 0.0 0.0 0.13 0.07 0.0 0.0 0.12 0.08 0.0 0.0
0.28 0.1 0.29 0.14 0.27 0.14 0.26 0.2 0.25 0.25 0.31 0.14 0.32 0.21 0.31 0.16 0.27 0.26 0.26 0.36 0.26 0.45 0.3 0.27 0.31 0.36 0.33 0.45 0.28 0.09 0.29 0.1 0.0 0.0 0.3 0.1 0.13 0.08 0.11 0.12 0.12 0.11 0.15 0.16 0.18 0.15 0.1 0.12 0.0 0.0 0.0 0.0 0.13 0.24 0.17 0.32 0.12 0.34 0.12 0.24 0.14 0.37 0.0 0.0 0.13 0.07 0.0 0.0 0.12 0.08 0.0 0.0
0.28 0.1 0.29 0.14 0.27 0.14 0.26 0.21 0.25 0.25 0.31 0.14 0.32 0.21 0.31 0.16 0.27 0.26 0.26 0.36 0.26 0.45 0.3 0.27 0.31 0.36 0.33 0.45 0.28 0.09 0.29 0.1 0.0 0.0 0.3 0.1 0.13 0.08 0.11 0.12 0.12 0.11 0.15 0.16 0.18 0.16 0.1 0.12 0.0 0.0 0.0 0.0 0.13 0.24 0.17 0.31 0.12 0.34 0.12 0.24 0.0 0.0 0.0 0.0 0.13 0.07 0.0 0.0 0.12 0.08 0.0 0.0
0.28 0.1 0.29 0.14 0.27 0.14 0.26 0.21 0.25 0.25 0.31 0.14 0.32 0.21 0.31 0.16 0.27 0.26 0.26 0.36 0.26 0.45 0.3 0.27 0.31 0.36 0.33 0.45 0.28 0.09 0.28 0.1 0.0 0.0 0.3 0.1 0.13 0.08 0.11 0.12 0.12 0.11 0.15 0.16 0.18 0.16 0.1 0.12 0.0 0.0 0.0 0.0 0.13 0.25 0.18 0.29 0.13 0.33 0.12 0.25 0.0 0.0 0.0 0.0 0.13 0.07 0.0 0.0 0.12 0.08 0.0 0.0
0.28 0.1 0.29 0.14 0.27 0.14 0.26 0.21 0.25 0.25 0.31 0.14 0.32 0.2 0.31 0.16 0.27 0.26 0.26 0.36 0.26 0.45 0.3 0.27 0.31 0.36 0.33 0.45 0.28 0.09 0.28 0.09 0.0 0.0 0.3 0.1 0.13 0.08 0.11 0.12 0.12 0.11 0.15 0.16 0.18 0.17 0.1 0.12 0.0 0.0 0.0 0.0 0.13 0.24 0.18 0.29 0.13 0.33 0.12 0.25 0.0 0.0 0.0 0.0 0.13 0.07 0.0 0.0 0.12 0.08 0.0 0.0
0.27 0.1 0.29 0.14 0.27 0.14 0.26 0.2 0.25 0.25 0.31 0.14 0.32 0.2 0.31 0.16 0.27 0.26 0.26 0.36 0.26 0.45 0.3 0.27 0.31 0.36 0.33 0.45 0.28 0.09 0.28 0.09 0.0 0.0 0.3 0.1 0.13 0.08 0.11 0.12 0.12 0.11 0.15 0.16 0.18 0.17 0.1 0.12 0.0 0.0 0.0 0.0 0.13 0.23 0.18 0.28 0.13 0.32 0.11 0.24 0.0 0.0 0.0 0.0 0.13 0.07 0.0 0.0 0.12 0.08 0.0 0.0
0.27 0.1 0.29 0.14 0.27 0.14 0.26 0.2 0.25 0.25 0.31 0.14 0.32 0.2 0.31 0.16 0.27 0.26 0.26 0.36 0.26 0.45 0.3 0.27 0.31 0.36 0.33 0.45 0.27 0.09 0.28 0.09 0.0 0.0 0.29 0.1 0.13 0.08 0.11 0.12 0.12 0.11 0.15 0.15 0.18 0.17 0.1 0.12 0.0 0.0 0.0 0.0 0.13 0.23 0.19 0.26 0.15 0.31 0.12 0.25 0.0 0.0 0.0 0.0 0.13 0.08 0.0 0.0 0.12 0.08 0.0 0.0
0.27 0.1 0.29 0.14 0.27 0.14 0.26 0.2 0.25 0.25 0.31 0.14 0.32 0.2 0.31 0.16 0.27 0.26 0.26 0.36 0.26 0.45 0.3 0.27 0.31 0.36 0.33 0.45 0.27 0.09 0.28 0.09 0.0 0.0 0.29 0.1 0.13 0.08 0.11 0.12 0.12 0.11 0.15 0.15 0.18 0.17 0.09 0.13 0.0 0.0 0.0 0.0 0.14 0.23 0.2 0.26 0.15 0.31 0.12 0.25 0.0 0.0 0.0 0.0 0.13 0.08 0.0 0.0 0.12 0.08 0.0 0.0
0.27 0.1 0.29 0.14 0.27 0.14 0.26 0.21 0.25 0.25 0.31 0.14 0.32 0.2 0.31 0.16 0.27 0.26 0.26 0.36 0.26 0.45 0.3 0.27 0.31 0.36 0.33 0.45 0.27 0.09 0.28 0.09 0.0 0.0 0.29 0.1 0.13 0.08 0.11 0.12 0.12 0.11 0.15 0.15 0.18 0.19 0.09 0.13 0.0 0.0 0.0 0.0 0.14 0.23 0.2 0.25 0.15 0.29 0.12 0.25 0.13 0.36 0.0 0.0 0.13 0.08 0.0 0.0 0.12 0.08 0.0 0.0
0.27 0.1 0.29 0.14 0.27 0.14 0.26 0.21 0.25 0.25 0.31 0.14 0.32 0.2 0.31 0.16 0.27 0.26 0.26 0.36 0.26 0.45 0.3 0.26 0.31 0.35 0.33 0.45 0.27 0.09 0.28 0.09 0.0 0.0 0.29 0.1 0.13 0.08 0.11 0.12 0.12 0.11 0.15 0.15 0.18 0.19 0.09 0.13 0.0 0.0 0.0 0.0 0.14 0.23 0.2 0.25 0.17 0.28 0.12 0.24 0.13 0.36 0.0 0.0 0.13 0.08 0.0 0.0 0.12 0.08 0.0 0.0
0.27 0.1 0.29 0.14 0.27 0.14 0.26 0.21 0.25 0.25 0.31 0.13 0.32 0.2 0.3 0.16 0.27 0.26 0.26 0.35 0.26 0.45 0.3 0.26 0.31 0.35 0.33 0.45 0.27 0.09 0.28 0.09 0.0 0.0 0.29 0.1 0.13 0.08 0.11 0.12 0.12 0.11 0.15 0.15 0.18 0.19 0.09 0.13 0.0 0.0 0.0 0.0 0.14 0.23 0.18 0.23 0.0 0.0 0.12 0.24 0.13 0.36 0.14 0.44 0.13 0.08 0.0 0.0 0.12 0.08 0.0 0.0
0.13 0.09 0.11 0.12 0.13 0.11 0.15 0.16 0.18 0.2 0.09 0.13 0.0 0.0 0.0 0.0 0.14 0.23 0.21 0.23 0.19 0.26 0.12 0.25 0.13 0.35 0.14 0.44 0.13 0.08 0.0 0.0 0.12 0.08 0.0 0.0 0.27 0.1 0.29 0.13 0.27 0.13 0.26 0.2 0.25 0.25 0.31 0.13 0.32 0.2 0.3 0.16 0.27 0.26 0.26 0.35 0.26 0.44 0.3 0.26 0.31 0.34 0.33 0.44 0.27 0.09 0.28 0.09 0.0 0.0 0.29 0.1
0.27 0.1 0.29 0.13 0.27 0.13 0.26 0.2 0.25 0.25 0.31 0.13 0.32 0.2 0.3 0.15 0.27 0.26 0.26 0.35 0.26 0.44 0.3 0.26 0.31 0.34 0.33 0.44 0.27 0.09 0.27 0.09 0.0 0.0 0.29 0.1 0.13 0.09 0.11 0.12 0.13 0.11 0.15 0.16 0.18 0.2 0.09 0.13 0.0 0.0 0.0 0.0 0.15 0.23 0.21 0.22 0.2 0.25 0.12 0.25 0.13 0.34 0.14 0.44 0.13 0.08 0.0 0.0 0.12 0.08 0.0 0.0
0.27 0.1 0.29 0.13 0.27 0.13 0.26 0.2 0.25 0.24 0.31 0.13 0.32 0.2 0.3 0.15 0.27 0.25 0.26 0.35 0.26 0.44 0.3 0.26 0.31 0.34 0.33 0.44 0.27 0.09 0.27 0.09 0.0 0.0 0.29 0.1 0.13 0.09 0.11 0.12 0.13 0.11 0.15 0.16 0.18 0.2 0.09 0.13 0.0 0.0 0.0 0.0 0.15 0.23 0.21 0.22 0.21 0.25 0.12 0.25 0.13 0.35 0.15 0.44 0.13 0.08 0.0 0.0 0.12 0.08 0.0 0.0
0.27 0.1 0.29 0.13 0.27 0.13 0.26 0.2 0.25 0.24 0.31 0.13 0.32 0.2 0.3 0.15 0.27 0.25 0.26 0.34 0.26 0.44 0.3 0.26 0.31 0.34 0.33 0.44 0.27 0.09 0.27 0.09 0.0 0.0 0.29 0.1 0.13 0.09 0.11 0.12 0.13 0.11 0.15 0.16 0.18 0.2 0.09 0.13 0.0 0.0 0.0 0.0 0.15 0.24 0.21 0.21 0.0 0.0 0.13 0.26 0.13 0.34 0.14 0.42 0.13 0.08 0.0 0.0 0.12 0.08 0.0 0.0
0.27 0.1 0.29 0.13 0.27 0.13 0.26 0.2 0.25 0.24 0.31 0.13 0.31 0.2 0.3 0.15 0.27 0.26 0.26 0.35 0.26 0.44 0.3 0.26 0.31 0.34 0.34 0.44 0.27 0.09 0.27 0.09 0.0 0.0 0.29 0.1 0.13 0.09 0.11 0.12 0.13 0.11 0.15 0.16 0.18 0.2 0.09 0.13 0.0 0.0 0.0 0.0 0.15 0.24 0.0 0.0 0.0 0.0 0.12 0.25 0.13 0.34 0.15 0.44 0.13 0.08 0.0 0.0 0.12 0.08 0.0 0.0
0.13 0.09 0.11 0.13 0.13 0.12 0.15 0.15 0.18 0.2 0.09 0.13 0.0 0.0 0.0 0.0 0.15 0.24 0.0 0.0 0.0 0.0 0.12 0.25 0.14 0.34 0.15 0.45 0.13 0.09 0.0 0.0 0.12 0.09 0.0 0.0 0.27 0.1 0.29 0.13 0.27 0.13 0.26 0.19 0.26 0.22 0.31 0.13 0.31 0.2 0.3 0.16 0.27 0.26 0.26 0.34 0.26 0.44 0.3 0.26 0.31 0.34 0.34 0.44 0.27 0.09 0.27 0.09 0.0 0.0 0.29 0.1
0.13 0.09 0.11 0.13 0.13 0.12 0.15 0.15 0.18 0.2 0.09 0.14 0.0 0.0 0.0 0.0 0.15 0.24 0.0 0.0 0.0 0.0 0.13 0.25 0.14 0.34 0.15 0.44 0.13 0.09 0.0 0.0 0.12 0.09 0.0 0.0 0.27 0.1 0.29 0.13 0.26 0.13 0.26 0.19 0.26 0.22 0.31 0.13 0.31 0.2 0.3 0.16 0.27 0.26 0.26 0.34 0.26 0.44 0.3 0.26 0.31 0.34 0.34 0.44 0.27 0.09 0.27 0.09 0.0 0.0 0.29 0.1
0.13 0.09 0.11 0.13 0.13 0.12 0.15 0.15 0.18 0.2 0.09 0.14 0.0 0.0 0.0 0.0 0.15 0.24 0.0 0.0 0.0 0.0 0.13 0.25 0.14 0.34 0.15 0.44 0.13 0.09 0.0 0.0 0.12 0.09 0.0 0.0 0.27 0.1 0.29 0.13 0.26 0.13 0.26 0.2 0.26 0.21 0.31 0.13 0.31 0.2 0.3 0.16 0.27 0.26 0.26 0.34 0.26 0.44 0.3 0.25 0.31 0.34 0.33 0.44 0.27 0.09 0.27 0.09 0.0 0.0 0.29 0.1
0.13 0.09 0.11 0.13 0.13 0.12 0.15 0.15 0.18 0.2 0.09 0.14 0.0 0.0 0.0 0.0 0.15 0.24 0.0 0.0 0.0 0.0 0.13 0.25 0.14 0.35 0.15 0.44 0.13 0.09 0.0 0.0 0.12 0.09 0.0 0.0 0.27 0.1 0.29 0.13 0.26 0.13 0.26 0.2 0.27 0.21 0.31 0.13 0.31 0.2 0.3 0.16 0.27 0.26 0.26 0.35 0.26 0.44 0.3 0.26 0.31 0.34 0.34 0.44 0.27 0.09 0.27 0.09 0.0 0.0 0.29 0.1
0.13 0.1 0.11 0.13 0.13 0.12 0.15 0.15 0.18 0.2 0.09 0.14 0.0 0.0 0.0 0.0 0.15 0.24 0.0 0.0 0.0 0.0 0.13 0.25 0.15 0.35 0.15 0.44 0.13 0.09 0.0 0.0 0.12 0.09 0.0 0.0 0.27 0.1 0.29 0.13 0.26 0.14 0.26 0.2 0.27 0.21 0.31 0.13 0.31 0.2 0.3 0.16 0.27 0.25 0.26 0.35 0.26 0.44 0.3 0.25 0.31 0.34 0.33 0.44 0.0 0.0 0.27 0.1 0.0 0.0 0.29 0.1
0.13 0.1 0.11 0.13 0.13 0.12 0.15 0.15 0.18 0.2 0.09 0.14 0.0 0.0 0.0 0.0 0.15 0.24 0.17 0.32 0.0 0.0 0.13 0.26 0.15 0.35 0.15 0.44 0.13 0.09 0.0 0.0 0.12 0.09 0.0 0.0 0.27 0.1 0.29 0.13 0.26 0.14 0.26 0.2 0.27 0.21 0.31 0.13 0.31 0.19 0.29 0.15 0.27 0.26 0.26 0.35 0.26 0.45 0.3 0.26 0.32 0.35 0.34 0.44 0.0 0.0 0.27 0.1 0.0 0.0 0.29 0.1
0.13 0.1 0.11 0.13 0.13 0.12 0.15 0.15 0.18 0.2 0.1 0.14 0.0 0.0 0.0 0.0 0.15 0.24 0.0 0.0 0.0 0.0 0.13 0.26 0.15 0.35 0.15 0.45 0.13 0.09 0.0 0.0 0.12 0.09 0.0 0.0 0.27 0.1 0.29 0.13 0.26 0.13 0.26 0.2 0.27 0.21 0.31 0.13 0.31 0.2 0.29 0.16 0.27 0.26 0.26 0.36 0.26 0.45 0.3 0.26 0.31 0.35 0.34 0.44 0.0 0.0 0.27 0.1 0.0 0.0 0.29 0.1
0.27 0.1 0.29 0.13 0.26 0.13 0.26 0.2 0.27 0.21 0.31 0.13 0.31 0.2 0.29 0.16 0.27 0.26 0.26 0.36 0.26 0.45 0.3 0.26 0.32 0.35 0.34 0.44 0.0 0.0 0.27 0.1 0.0 0.0 0.29 0.1 0.13 0.1 0.11 0.13 0.13 0.12 0.15 0.16 0.18 0.2 0.1 0.14 0.0 0.0 0.0 0.0 0.16 0.24 0.0 0.0 0.0 0.0 0.13 0.25 0.15 0.35 0.15 0.45 0.13 0.09 0.0 0.0 0.12 0.09 0.0 0.0
0.13 0.1 0.12 0.13 0.13 0.12 0.15 0.16 0.18 0.2 0.1 0.14 0.0 0.0 0.0 0.0 0.16 0.24 0.0 0.0 0.0 0.0 0.14 0.26 0.15 0.35 0.15 0.45 0.13 0.09 0.0 0.0 0.12 0.09 0.0 0.0 0.27 0.11 0.29 0.13 0.26 0.13 0.25 0.2 0.26 0.21 0.31 0.13 0.31 0.2 0.29 0.16 0.27 0.26 0.26 0.36 0.26 0.45 0.3 0.26 0.32 0.35 0.34 0.44 0.27 0.1 0.27 0.1 0.0 0.0 0.29 0.1
0.13 0.1 0.12 0.13 0.13 0.12 0.15 0.16 0.18 0.2 0.1 0.15 0.0 0.0 0.0 0.0 0.16 0.24 0.0 0.0 0.0 0.0 0.14 0.26 0.15 0.35 0.15 0.45 0.13 0.09 0.0 0.0 0.12 0.09 0.0 0.0 0.27 0.11 0.29 0.13 0.26 0.13 0.26 0.2 0.26 0.22 0.31 0.13 0.31 0.2 0.29 0.16 0.27 0.26 0.26 0.35 0.26 0.45 0.3 0.26 0.32 0.34 0.33 0.42 0.27 0.1 0.27 0.1 0.0 0.0 0.29 0.1
0.13 0.1 0.12 0.14 0.13 0.12 0.16 0.16 0.18 0.2 0.1 0.15 0.0 0.0 0.0 0.0 0.17 0.24 0.0 0.0 0.0 0.0 0.14 0.26 0.15 0.35 0.15 0.45 0.13 0.1 0.0 0.0 0.12 0.1 0.0 0.0 0.27 0.11 0.29 0.13 0.26 0.14 0.26 0.19 0.26 0.23 0.31 0.13 0.31 0.2 0.29 0.15 0.27 0.26 0.26 0.35 0.26 0.45 0.3 0.26 0.32 0.35 0.34 0.42 0.27 0.1 0.27 0.1 0.0 0.0 0.29 0.1
0.13 0.1 0.12 0.14 0.13 0.12 0.16 0.16 0.18 0.2 0.1 0.15 0.0 0.0 0.0 0.0 0.17 0.23 0.22 0.21 0.0 0.0 0.15 0.26 0.15 0.35 0.15 0.45 0.13 0.1 0.0 0.0 0.12 0.1 0.0 0.0 0.27 0.11 0.29 0.13 0.26 0.13 0.26 0.19 0.26 0.23 0.31 0.13 0.31 0.2 0.29 0.15 0.27 0.26 0.26 0.35 0.26 0.45 0.3 0.26 0.32 0.35 0.34 0.44 0.27 0.1 0.27 0.1 0.0 0.0 0.29 0.1
0.13 0.1 0.12 0.14 0.13 0.12 0.16 0.16 0.18 0.2 0.1 0.15 0.0 0.0 0.0 0.0 0.17 0.24 0.0 0.0 0.0 0.0 0.15 0.26 0.15 0.35 0.15 0.45 0.13 0.1 0.0 0.0 0.12 0.1 0.0 0.0 0.27 0.11 0.29 0.13 0.26 0.13 0.26 0.19 0.25 0.23 0.31 0.13 0.31 0.2 0.29 0.15 0.27 0.26 0.26 0.35 0.26 0.45 0.3 0.26 0.32 0.35 0.34 0.44 0.27 0.1 0.27 0.1 0.0 0.0 0.29 0.1
0.13 0.1 0.12 0.14 0.13 0.12 0.16 0.16 0.18 0.2 0.1 0.16 0.0 0.0 0.0 0.0 0.17 0.23 0.0 0.0 0.0 0.0 0.15 0.26 0.15 0.35 0.15 0.45 0.13 0.1 0.0 0.0 0.12 0.1 0.0 0.0 0.27 0.11 0.29 0.13 0.26 0.13 0.26 0.19 0.25 0.23 0.31 0.13 0.31 0.2 0.29 0.15 0.27 0.26 0.26 0.35 0.26 0.45 0.3 0.26 0.32 0.35 0.34 0.44 0.27 0.1 0.27 0.1 0.0 0.0 0.29 0.1
0.13 0.11 0.12 0.14 0.13 0.12 0.16 0.16 0.18 0.2 0.1 0.16 0.0 0.0 0.0 0.0 0.17 0.24 0.0 0.0 0.0 0.0 0.15 0.26 0.15 0.36 0.16 0.45 0.13 0.1 0.0 0.0 0.12 0.1 0.0 0.0 0.27 0.11 0.29 0.13 0.26 0.14 0.26 0.2 0.26 0.24 0.31 0.13 0.31 0.2 0.29 0.15 0.27 0.26 0.26 0.35 0.26 0.44 0.3 0.26 0.31 0.34 0.34 0.44 0.27 0.1 0.27 0.11 0.0 0.0 0.29 0.1
0.27 0.11 0.29 0.13 0.26 0.14 0.26 0.19 0.26 0.23 0.31 0.13 0.31 0.2 0.29 0.16 0.27 0.26 0.26 0.35 0.26 0.45 0.3 0.26 0.31 0.34 0.34 0.44 0.27 0.1 0.27 0.11 0.0 0.0 0.29 0.1 0.13 0.11 0.12 0.14 0.13 0.12 0.16 0.16 0.19 0.21 0.1 0.16 0.0 0.0 0.0 0.0 0.17 0.24 0.22 0.22 0.24 0.25 0.15 0.26 0.15 0.36 0.16 0.45 0.13 0.1 0.0 0.0 0.12 0.1 0.0 0.0
0.13 0.11 0.12 0.14 0.13 0.12 0.16 0.16 0.19 0.21 0.1 0.16 0.0 0.0 0.0 0.0 0.17 0.24 0.22 0.22 0.23 0.25 0.15 0.26 0.15 0.36 0.16 0.45 0.13 0.1 0.0 0.0 0.12 0.1 0.0 0.0 0.27 0.11 0.29 0.13 0.26 0.14 0.26 0.2 0.26 0.23 0.31 0.13 0.31 0.2 0.29 0.16 0.27 0.26 0.26 0.35 0.26 0.45 0.3 0.26 0.32 0.35 0.34 0.44 0.27 0.1 0.27 0.11 0.0 0.0 0.29 0.1
0.13 0.11 0.12 0.14 0.13 0.12 0.16 0.16 0.19 0.2 0.1 0.16 0.0 0.0 0.0 0.0 0.17 0.24 0.21 0.22 0.0 0.0 0.15 0.26 0.15 0.35 0.16 0.45 0.13 0.1 0.0 0.0 0.12 0.1 0.0 0.0 0.27 0.11 0.29 0.13 0.26 0.14 0.26 0.2 0.26 0.23 0.31 0.13 0.32 0.2 0.29 0.16 0.27 0.26 0.26 0.35 0.26 0.45 0.3 0.26 0.32 0.34 0.34 0.44 0.0 0.0 0.27 0.11 0.0 0.0 0.29 0.1
0.27 0.11 0.29 0.13 0.26 0.14 0.26 0.2 0.26 0.23 0.31 0.13 0.32 0.2 0.29 0.16 0.27 0.26 0.26 0.35 0.26 0.45 0.3 0.26 0.32 0.34 0.34 0.44 0.0 0.0 0.27 0.11 0.0 0.0 0.29 0.1 0.13 0.11 0.12 0.14 0.13 0.12 0.16 0.16 0.19 0.21 0.1 0.16 0.0 0.0 0.0 0.0 0.17 0.24 0.21 0.23 0.0 0.0 0.14 0.26 0.15 0.35 0.16 0.45 0.13 0.1 0.0 0.0 0.12 0.1 0.0 0.0
0.27 0.11 0.29 0.13 0.26 0.14 0.26 0.2 0.26 0.25 0.31 0.13 0.32 0.2 0.29 0.16 0.27 0.26 0.26 0.35 0.26 0.45 0.3 0.26 0.32 0.34 0.34 0.44 0.0 0.0 0.27 0.11 0.0 0.0 0.29 0.1 0.13 0.11 0.12 0.14 0.13 0.12 0.17 0.16 0.19 0.21 0.1 0.16 0.0 0.0 0.0 0.0 0.17 0.24 0.0 0.0 0.0 0.0 0.14 0.26 0.15 0.36 0.16 0.45 0.13 0.1 0.0 0.0 0.12 0.1 0.0 0.0
0.27 0.11 0.29 0.14 0.26 0.14 0.26 0.2 0.26 0.26 0.31 0.13 0.32 0.2 0.29 0.16 0.27 0.26 0.26 0.35 0.26 0.45 0.3 0.26 0.32 0.34 0.34 0.44 0.0 0.0 0.27 0.11 0.0 0.0 0.29 0.1 0.14 0.11 0.12 0.14 0.13 0.12 0.17 0.16 0.19 0.21 0.1 0.16 0.0 0.0 0.0 0.0 0.17 0.24 0.21 0.23 0.22 0.27 0.15 0.26 0.15 0.36 0.16 0.45 0.13 0.1 0.0 0.0 0.12 0.1 0.0 0.0
0.27 0.11 0.29 0.14 0.26 0.14 0.26 0.2 0.26 0.26 0.31 0.13 0.32 0.2 0.29 0.16 0.27 0.26 0.26 0.35 0.26 0.45 0.3 0.26 0.31 0.34 0.34 0.44 0.0 0.0 0.27 0.11 0.0 0.0 0.29 0.1 0.14 0.11 0.12 0.14 0.13 0.12 0.17 0.16 0.19 0.21 0.1 0.16 0.0 0.0 0.0 0.0 0.17 0.23 0.21 0.28 0.22 0.29 0.15 0.26 0.15 0.35 0.16 0.45 0.13 0.1 0.0 0.0 0.12 0.1 0.0 0.0
0.27 0.11 0.29 0.14 0.26 0.14 0.26 0.2 0.26 0.25 0.31 0.13 0.32 0.2 0.29 0.16 0.27 0.26 0.26 0.35 0.26 0.44 0.31 0.26 0.31 0.34 0.34 0.44 0.0 0.0 0.27 0.11 0.0 0.0 0.29 0.1 0.14 0.11 0.12 0.14 0.13 0.12 0.17 0.16 0.19 0.21 0.1 0.16 0.0 0.0 0.0 0.0 0.17 0.24 0.21 0.24 0.22 0.29 0.15 0.26 0.15 0.35 0.16 0.45 0.13 0.1 0.0 0.0 0.12 0.1 0.0 0.0
0.27 0.11 0.29 0.14 0.26 0.14 0.26 0.2 0.26 0.24 0.31 0.13 0.32 0.2 0.29 0.16 0.27 0.26 0.26 0.35 0.26 0.44 0.31 0.26 0.31 0.34 0.34 0.44 0.0 0.0 0.27 0.11 0.0 0.0 0.29 0.1 0.14 0.11 0.12 0.14 0.13 0.12 0.17 0.16 0.19 0.2 0.1 0.16 0.0 0.0 0.0 0.0 0.17 0.23 0.21 0.24 0.21 0.29 0.15 0.26 0.15 0.35 0.16 0.45 0.13 0.1 0.0 0.0 0.12 0.1 0.0 0.0
0.27 0.11 0.29 0.14 0.27 0.14 0.26 0.2 0.26 0.24 0.31 0.13 0.32 0.2 0.29 0.16 0.27 0.26 0.26 0.35 0.26 0.44 0.31 0.26 0.32 0.34 0.34 0.44 0.0 0.0 0.27 0.11 0.0 0.0 0.29 0.1 0.14 0.11 0.12 0.14 0.13 0.12 0.17 0.16 0.2 0.21 0.1 0.16 0.0 0.0 0.0 0.0 0.17 0.23 0.21 0.24 0.21 0.31 0.15 0.26 0.15 0.36 0.16 0.45 0.13 0.1 0.0 0.0 0.12 0.1 0.0 0.0
0.27 0.11 0.29 0.14 0.27 0.14 0.26 0.2 0.26 0.24 0.31 0.13 0.32 0.2 0.29 0.16 0.27 0.26 0.26 0.35 0.26 0.44 0.31 0.26 0.32 0.34 0.34 0.44 0.0 0.0 0.27 0.11 0.0 0.0 0.29 0.1 0.14 0.1 0.12 0.14 0.13 0.12 0.17 0.16 0.2 0.2 0.1 0.15 0.0 0.0 0.0 0.0 0.17 0.23 0.21 0.24 0.21 0.31 0.15 0.26 0.15 0.36 0.16 0.45 0.13 0.1 0.0 0.0 0.12 0.1 0.0 0.0
0.27 0.11 0.29 0.14 0.27 0.14 0.26 0.2 0.26 0.23 0.31 0.13 0.32 0.2 0.29 0.16 0.27 0.26 0.26 0.35 0.26 0.44 0.31 0.26 0.32 0.34 0.34 0.44 0.0 0.0 0.27 0.11 0.0 0.0 0.29 0.1 0.14 0.1 0.12 0.14 0.14 0.12 0.17 0.17 0.2 0.2 0.1 0.15 0.0 0.0 0.0 0.0 0.17 0.23 0.21 0.25 0.21 0.32 0.15 0.26 0.15 0.36 0.16 0.45 0.13 0.1 0.0 0.0 0.13 0.1 0.0 0.0
0.27 0.11 0.29 0.14 0.27 0.14 0.26 0.2 0.26 0.23 0.31 0.13 0.32 0.2 0.29 0.16 0.27 0.26 0.26 0.35 0.26 0.44 0.31 0.25 0.32 0.34 0.34 0.44 0.0 0.0 0.27 0.11 0.0 0.0 0.29 0.1 0.14 0.1 0.12 0.14 0.14 0.12 0.17 0.17 0.2 0.2 0.1 0.15 0.0 0.0 0.0 0.0 0.17 0.23 0.21 0.25 0.21 0.32 0.15 0.26 0.15 0.36 0.16 0.45 0.13 0.1 0.0 0.0 0.13 0.1 0.0 0.0
0.27 0.11 0.29 0.14 0.27 0.14 0.26 0.2 0.26 0.25 0.31 0.13 0.32 0.2 0.29 0.16 0.27 0.26 0.26 0.35 0.26 0.44 0.31 0.26 0.32 0.34 0.34 0.44 0.0 0.0 0.27 0.11 0.0 0.0 0.29 0.1 0.14 0.1 0.12 0.14 0.14 0.12 0.17 0.16 0.2 0.2 0.1 0.15 0.0 0.0 0.0 0.0 0.17 0.23 0.21 0.25 0.21 0.33 0.15 0.26 0.15 0.36 0.16 0.45 0.13 0.1 0.0 0.0 0.13 0.1 0.0 0.0
0.27 0.11 0.29 0.14 0.27 0.14 0.26 0.2 0.26 0.24 0.31 0.13 0.32 0.2 0.29 0.16 0.27 0.26 0.26 0.35 0.26 0.44 0.31 0.26 0.32 0.34 0.34 0.44 0.0 0.0 0.27 0.11 0.0 0.0 0.29 0.1 0.14 0.1 0.12 0.14 0.14 0.12 0.17 0.16 0.2 0.21 0.1 0.15 0.0 0.0 0.0 0.0 0.17 0.23 0.21 0.25 0.21 0.32 0.15 0.26 0.15 0.35 0.15 0.45 0.14 0.1 0.0 0.0 0.13 0.1 0.0 0.0
0.27 0.11 0.29 0.14 0.27 0.14 0.26 0.2 0.26 0.24 0.31 0.13 0.32 0.2 0.29 0.16 0.27 0.26 0.26 0.35 0.26 0.44 0.31 0.25 0.32 0.34 0.34 0.44 0.0 0.0 0.27 0.11 0.0 0.0 0.29 0.1 0.14 0.1 0.12 0.14 0.14 0.12 0.17 0.16 0.2 0.21 0.1 0.15 0.0 0.0 0.0 0.0 0.17 0.23 0.21 0.26 0.21 0.33 0.15 0.26 0.15 0.36 0.15 0.45 0.14 0.1 0.0 0.0 0.13 0.1 0.0 0.0
0.27 0.11 0.29 0.14 0.27 0.14 0.26 0.2 0.26 0.24 0.31 0.13 0.32 0.2 0.29 0.16 0.27 0.26 0.26 0.35 0.26 0.44 0.31 0.25 0.32 0.34 0.34 0.44 0.0 0.0 0.27 0.11 0.0 0.0 0.29 0.1 0.14 0.1 0.12 0.14 0.14 0.12 0.17 0.16 0.2 0.21 0.1 0.15 0.0 0.0 0.0 0.0 0.17 0.23 0.21 0.26 0.21 0.33 0.15 0.26 0.15 0.35 0.15 0.44 0.14 0.09 0.0 0.0 0.13 0.1 0.0 0.0
0.27 0.11 0.29 0.14 0.27 0.14 0.26 0.2 0.26 0.24 0.31 0.13 0.32 0.2 0.29 0.16 0.27 0.26 0.26 0.35 0.26 0.44 0.31 0.25 0.32 0.34 0.34 0.44 0.0 0.0 0.27 0.11 0.0 0.0 0.29 0.1 0.14 0.1 0.12 0.13 0.14 0.12 0.17 0.16 0.2 0.2 0.1 0.15 0.0 0.0 0.0 0.0 0.17 0.23 0.21 0.26 0.21 0.34 0.14 0.26 0.15 0.35 0.15 0.44 0.14 0.09 0.0 0.0 0.13 0.1 0.0 0.0
0.27 0.11 0.29 0.14 0.27 0.14 0.26 0.2 0.26 0.24 0.31 0.13 0.32 0.2 0.29 0.16 0.27 0.26 0.26 0.35 0.26 0.44 0.31 0.25 0.32 0.34 0.34 0.44 0.0 0.0 0.27 0.11 0.0 0.0 0.29 0.1 0.15 0.1 0.12 0.13 0.14 0.12 0.17 0.16 0.2 0.21 0.1 0.15 0.0 0.0 0.0 0.0 0.17 0.23 0.21 0.27 0.21 0.35 0.15 0.26 0.15 0.35 0.15 0.44 0.14 0.09 0.0 0.0 0.13 0.09 0.0 0.0
0.27 0.11 0.29 0.14 0.27 0.14 0.26 0.2 0.26 0.24 0.31 0.13 0.32 0.2 0.29 0.16 0.27 0.26 0.26 0.35 0.26 0.44 0.31 0.25 0.32 0.34 0.34 0.44 0.0 0.0 0.27 0.11 0.0 0.0 0.29 0.1 0.15 0.1 0.13 0.13 0.14 0.12 0.17 0.16 0.2 0.2 0.1 0.15 0.0 0.0 0.0 0.0 0.17 0.23 0.21 0.27 0.21 0.36 0.15 0.26 0.15 0.35 0.16 0.44 0.14 0.09 0.0 0.0 0.13 0.09 0.0 0.0
