0.35 0.11 0.37 0.16 0.34 0.16 0.0 0.0 0.0 0.0 0.38 0.16 0.4 0.23 0.36 0.23 0.33 0.32 0.29 0.4 0.0 0.0 0.36 0.32 0.0 0.0 0.0 0.0 0.0 0.0 0.35 0.1 0.0 0.0 0.37 0.11 0.13 0.17 0.09 0.2 0.12 0.2 0.12 0.27 0.15 0.34 0.07 0.21 0.0 0.0 0.0 0.0 0.1 0.36 0.0 0.0 0.0 0.0 0.07 0.36 0.0 0.0 0.0 0.0 0.13 0.16 0.0 0.0 0.12 0.15 0.0 0.0
0.13 0.16 0.1 0.2 0.11 0.2 0.11 0.27 0.14 0.33 0.08 0.2 0.0 0.0 0.0 0.0 0.09 0.35 0.0 0.0 0.0 0.0 0.07 0.35 0.0 0.0 0.0 0.0 0.13 0.15 0.0 0.0 0.12 0.15 0.0 0.0 0.35 0.11 0.37 0.16 0.34 0.16 0.32 0.24 0.28 0.27 0.38 0.16 0.4 0.23 0.35 0.23 0.32 0.32 0.29 0.39 0.0 0.0 0.35 0.33 0.0 0.0 0.0 0.0 0.0 0.0 0.35 0.1 0.0 0.0 0.37 0.11
0.35 0.11 0.36 0.16 0.34 0.16 0.32 0.24 0.29 0.28 0.38 0.17 0.4 0.23 0.35 0.23 0.32 0.31 0.27 0.38 0.0 0.0 0.35 0.32 0.0 0.0 0.0 0.0 0.0 0.0 0.35 0.1 0.0 0.0 0.37 0.11 0.13 0.16 0.09 0.2 0.11 0.2 0.1 0.25 0.13 0.32 0.08 0.2 0.0 0.0 0.0 0.0 0.09 0.35 0.0 0.0 0.0 0.0 0.06 0.35 0.0 0.0 0.0 0.0 0.13 0.15 0.0 0.0 0.12 0.15 0.0 0.0
0.34 0.11 0.36 0.16 0.34 0.16 0.32 0.24 0.29 0.28 0.38 0.17 0.4 0.23 0.35 0.23 0.32 0.31 0.27 0.37 0.0 0.0 0.35 0.31 0.34 0.41 0.0 0.0 0.0 0.0 0.35 0.1 0.0 0.0 0.37 0.11 0.13 0.16 0.1 0.19 0.1 0.2 0.1 0.26 0.13 0.31 0.09 0.19 0.0 0.0 0.0 0.0 0.09 0.36 0.0 0.0 0.0 0.0 0.07 0.35 0.0 0.0 0.0 0.0 0.13 0.15 0.0 0.0 0.11 0.15 0.0 0.0
0.34 0.11 0.36 0.16 0.34 0.16 0.32 0.24 0.29 0.28 0.38 0.17 0.4 0.23 0.35 0.23 0.32 0.31 0.27 0.36 0.0 0.0 0.35 0.32 0.34 0.42 0.0 0.0 0.0 0.0 0.35 0.1 0.0 0.0 0.37 0.11 0.13 0.16 0.1 0.19 0.1 0.19 0.09 0.26 0.13 0.29 0.09 0.19 0.1 0.25 0.12 0.25 0.09 0.34 0.0 0.0 0.0 0.0 0.0 0.0 0.0 0.0 0.0 0.0 0.13 0.15 0.0 0.0 0.11 0.14 0.0 0.0
0.34 0.11 0.36 0.16 0.34 0.16 0.32 0.24 0.29 0.29 0.38 0.16 0.39 0.23 0.34 0.23 0.32 0.31 0.26 0.36 0.0 0.0 0.35 0.32 0.34 0.42 0.0 0.0 0.0 0.0 0.35 0.1 0.0 0.0 0.37 0.11 0.13 0.16 0.1 0.19 0.1 0.19 0.09 0.25 0.13 0.29 0.0 0.0 0.0 0.0 0.0 0.0 0.08 0.34 0.0 0.0 0.0 0.0 0.0 0.0 0.0 0.0 0.0 0.0 0.13 0.14 0.0 0.0 0.11 0.14 0.0 0.0
0.34 0.11 0.36 0.16 0.34 0.16 0.32 0.24 0.29 0.29 0.38 0.16 0.39 0.23 0.34 0.23 0.32 0.31 0.26 0.35 0.0 0.0 0.35 0.32 0.0 0.0 0.0 0.0 0.0 0.0 0.35 0.1 0.0 0.0 0.37 0.11 0.13 0.15 0.09 0.19 0.09 0.19 0.08 0.25 0.12 0.28 0.1 0.19 0.1 0.25 0.12 0.26 0.09 0.34 0.0 0.0 0.0 0.0 0.1 0.33 0.0 0.0 0.0 0.0 0.12 0.14 0.0 0.0 0.11 0.14 0.0 0.0
0.34 0.11 0.36 0.16 0.34 0.16 0.0 0.0 0.0 0.0 0.38 0.16 0.38 0.23 0.33 0.23 0.32 0.29 0.26 0.34 0.0 0.0 0.35 0.32 0.34 0.45 0.0 0.0 0.0 0.0 0.35 0.1 0.0 0.0 0.36 0.11 0.12 0.15 0.09 0.19 0.08 0.19 0.08 0.25 0.12 0.27 0.09 0.19 0.0 0.0 0.0 0.0 0.07 0.34 0.0 0.0 0.0 0.0 0.09 0.34 0.0 0.0 0.0 0.0 0.12 0.14 0.0 0.0 0.1 0.13 0.0 0.0
0.34 0.11 0.36 0.16 0.34 0.16 0.0 0.0 0.0 0.0 0.38 0.16 0.37 0.23 0.33 0.23 0.32 0.29 0.26 0.33 0.0 0.0 0.35 0.32 0.34 0.45 0.0 0.0 0.0 0.0 0.35 0.1 0.0 0.0 0.36 0.11 0.12 0.15 0.09 0.19 0.07 0.17 0.07 0.24 0.12 0.27 0.09 0.19 0.0 0.0 0.0 0.0 0.07 0.33 0.0 0.0 0.0 0.0 0.09 0.34 0.0 0.0 0.0 0.0 0.12 0.14 0.0 0.0 0.1 0.13 0.0 0.0
0.34 0.11 0.36 0.16 0.34 0.16 0.0 0.0 0.0 0.0 0.38 0.17 0.37 0.23 0.32 0.23 0.32 0.29 0.26 0.33 0.26 0.41 0.35 0.32 0.35 0.45 0.0 0.0 0.0 0.0 0.34 0.1 0.0 0.0 0.36 0.11 0.12 0.15 0.09 0.19 0.07 0.17 0.07 0.24 0.12 0.26 0.1 0.2 0.0 0.0 0.0 0.0 0.07 0.34 0.0 0.0 0.0 0.0 0.09 0.34 0.0 0.0 0.0 0.0 0.12 0.13 0.0 0.0 0.1 0.13 0.0 0.0
0.34 0.11 0.36 0.16 0.34 0.16 0.0 0.0 0.0 0.0 0.38 0.16 0.37 0.23 0.32 0.23 0.31 0.29 0.25 0.32 0.25 0.41 0.35 0.32 0.34 0.45 0.0 0.0 0.0 0.0 0.34 0.1 0.0 0.0 0.36 0.11 0.12 0.15 0.09 0.19 0.07 0.17 0.07 0.24 0.12 0.26 0.1 0.2 0.11 0.28 0.12 0.28 0.07 0.34 0.0 0.0 0.0 0.0 0.09 0.34 0.0 0.0 0.0 0.0 0.12 0.13 0.0 0.0 0.1 0.13 0.0 0.0
0.34 0.12 0.36 0.16 0.34 0.16 0.0 0.0 0.0 0.0 0.38 0.16 0.37 0.23 0.32 0.23 0.31 0.29 0.25 0.32 0.24 0.4 0.35 0.32 0.34 0.45 0.0 0.0 0.0 0.0 0.34 0.11 0.0 0.0 0.36 0.11 0.12 0.14 0.09 0.19 0.07 0.17 0.07 0.24 0.11 0.25 0.1 0.21 0.0 0.0 0.0 0.0 0.06 0.34 0.12 0.45 0.0 0.0 0.09 0.34 0.0 0.0 0.0 0.0 0.12 0.13 0.0 0.0 0.1 0.13 0.0 0.0
0.12 0.14 0.08 0.19 0.06 0.17 0.06 0.24 0.11 0.24 0.1 0.21 0.0 0.0 0.0 0.0 0.05 0.34 0.0 0.0 0.0 0.0 0.08 0.35 0.0 0.0 0.0 0.0 0.12 0.13 0.0 0.0 0.1 0.13 0.0 0.0 0.34 0.12 0.36 0.16 0.34 0.16 0.0 0.0 0.0 0.0 0.38 0.17 0.37 0.23 0.32 0.23 0.31 0.29 0.25 0.32 0.0 0.0 0.35 0.32 0.0 0.0 0.0 0.0 0.0 0.0 0.34 0.11 0.0 0.0 0.36 0.11
0.12 0.14 0.08 0.19 0.06 0.17 0.06 0.24 0.11 0.24 0.1 0.2 0.09 0.27 0.1 0.28 0.05 0.34 0.0 0.0 0.0 0.0 0.08 0.35 0.1 0.44 0.0 0.0 0.11 0.13 0.0 0.0 0.1 0.12 0.0 0.0 0.34 0.12 0.36 0.17 0.34 0.16 0.0 0.0 0.0 0.0 0.38 0.17 0.36 0.23 0.32 0.23 0.31 0.29 0.24 0.32 0.0 0.0 0.34 0.33 0.0 0.0 0.0 0.0 0.0 0.0 0.34 0.11 0.0 0.0 0.36 0.12
0.12 0.14 0.08 0.19 0.06 0.17 0.06 0.24 0.1 0.23 0.1 0.2 0.09 0.27 0.1 0.28 0.05 0.34 0.1 0.45 0.0 0.0 0.07 0.35 0.11 0.44 0.0 0.0 0.11 0.13 0.0 0.0 0.09 0.12 0.0 0.0 0.34 0.12 0.36 0.17 0.34 0.16 0.0 0.0 0.0 0.0 0.38 0.17 0.36 0.23 0.32 0.23 0.31 0.29 0.24 0.31 0.0 0.0 0.34 0.33 0.0 0.0 0.0 0.0 0.0 0.0 0.34 0.11 0.0 0.0 0.36 0.12
0.11 0.14 0.08 0.19 0.06 0.17 0.06 0.24 0.1 0.23 0.1 0.2 0.1 0.27 0.1 0.28 0.04 0.34 0.1 0.45 0.0 0.0 0.07 0.35 0.1 0.44 0.0 0.0 0.11 0.12 0.0 0.0 0.09 0.12 0.0 0.0 0.34 0.12 0.36 0.17 0.34 0.17 0.0 0.0 0.0 0.0 0.38 0.17 0.36 0.23 0.32 0.23 0.31 0.29 0.25 0.29 0.0 0.0 0.34 0.33 0.0 0.0 0.0 0.0 0.0 0.0 0.34 0.11 0.0 0.0 0.36 0.12
0.11 0.14 0.08 0.19 0.06 0.17 0.06 0.24 0.1 0.23 0.1 0.2 0.1 0.26 0.1 0.28 0.04 0.33 0.0 0.0 0.0 0.0 0.07 0.34 0.1 0.44 0.0 0.0 0.11 0.12 0.0 0.0 0.09 0.12 0.0 0.0 0.34 0.12 0.35 0.17 0.33 0.17 0.0 0.0 0.0 0.0 0.38 0.19 0.35 0.24 0.31 0.23 0.31 0.31 0.0 0.0 0.0 0.0 0.34 0.33 0.0 0.0 0.0 0.0 0.0 0.0 0.34 0.11 0.0 0.0 0.36 0.12
0.11 0.13 0.07 0.19 0.06 0.16 0.06 0.24 0.1 0.22 0.1 0.2 0.1 0.26 0.1 0.29 0.04 0.32 0.09 0.45 0.0 0.0 0.07 0.34 0.0 0.0 0.0 0.0 0.1 0.12 0.0 0.0 0.09 0.12 0.0 0.0 0.34 0.12 0.35 0.17 0.32 0.19 0.0 0.0 0.0 0.0 0.38 0.17 0.35 0.24 0.31 0.23 0.31 0.29 0.0 0.0 0.0 0.0 0.34 0.33 0.0 0.0 0.0 0.0 0.0 0.0 0.34 0.11 0.0 0.0 0.36 0.12
0.34 0.12 0.35 0.17 0.34 0.17 0.0 0.0 0.0 0.0 0.38 0.19 0.36 0.24 0.31 0.23 0.31 0.29 0.26 0.28 0.23 0.29 0.34 0.32 0.0 0.0 0.0 0.0 0.0 0.0 0.34 0.11 0.0 0.0 0.36 0.12 0.11 0.13 0.07 0.19 0.05 0.16 0.05 0.24 0.1 0.22 0.1 0.2 0.1 0.26 0.1 0.29 0.04 0.32 0.0 0.0 0.0 0.0 0.07 0.34 0.0 0.0 0.0 0.0 0.1 0.12 0.0 0.0 0.09 0.12 0.0 0.0
0.1 0.13 0.07 0.19 0.05 0.17 0.05 0.24 0.1 0.22 0.1 0.2 0.1 0.26 0.1 0.31 0.04 0.33 0.0 0.0 0.0 0.0 0.07 0.35 0.0 0.0 0.0 0.0 0.1 0.12 0.0 0.0 0.09 0.12 0.0 0.0 0.34 0.12 0.35 0.17 0.34 0.17 0.0 0.0 0.0 0.0 0.38 0.19 0.36 0.24 0.32 0.23 0.31 0.29 0.28 0.28 0.23 0.29 0.34 0.32 0.0 0.0 0.0 0.0 0.0 0.0 0.34 0.12 0.0 0.0 0.36 0.12
0.34 0.13 0.35 0.17 0.34 0.17 0.0 0.0 0.0 0.0 0.38 0.19 0.36 0.25 0.32 0.23 0.31 0.28 0.27 0.28 0.23 0.29 0.34 0.32 0.0 0.0 0.0 0.0 0.0 0.0 0.34 0.12 0.0 0.0 0.35 0.12 0.1 0.13 0.07 0.19 0.05 0.17 0.05 0.24 0.09 0.22 0.1 0.2 0.1 0.27 0.1 0.31 0.04 0.33 0.0 0.0 0.0 0.0 0.08 0.34 0.0 0.0 0.0 0.0 0.1 0.12 0.0 0.0 0.09 0.12 0.0 0.0
0.1 0.13 0.07 0.19 0.04 0.17 0.05 0.25 0.09 0.22 0.09 0.2 0.1 0.27 0.1 0.31 0.04 0.33 0.06 0.45 0.0 0.0 0.07 0.34 0.0 0.0 0.0 0.0 0.1 0.12 0.0 0.0 0.09 0.12 0.0 0.0 0.34 0.13 0.35 0.19 0.34 0.17 0.0 0.0 0.0 0.0 0.38 0.19 0.36 0.25 0.32 0.23 0.31 0.29 0.0 0.0 0.0 0.0 0.34 0.32 0.0 0.0 0.0 0.0 0.0 0.0 0.34 0.12 0.0 0.0 0.35 0.12
0.1 0.13 0.07 0.19 0.04 0.17 0.04 0.25 0.09 0.21 0.09 0.19 0.1 0.27 0.1 0.31 0.04 0.33 0.0 0.0 0.0 0.0 0.07 0.35 0.0 0.0 0.0 0.0 0.1 0.12 0.0 0.0 0.08 0.12 0.0 0.0 0.34 0.13 0.35 0.19 0.33 0.17 0.31 0.23 0.28 0.27 0.38 0.19 0.37 0.25 0.32 0.23 0.31 0.29 0.24 0.28 0.0 0.0 0.33 0.32 0.0 0.0 0.0 0.0 0.0 0.0 0.34 0.12 0.0 0.0 0.35 0.12
0.34 0.13 0.35 0.19 0.33 0.17 0.31 0.23 0.28 0.27 0.38 0.19 0.37 0.25 0.32 0.23 0.31 0.29 0.24 0.28 0.0 0.0 0.34 0.33 0.0 0.0 0.0 0.0 0.0 0.0 0.34 0.12 0.0 0.0 0.35 0.12 0.1 0.13 0.07 0.19 0.04 0.17 0.04 0.25 0.08 0.21 0.09 0.19 0.1 0.27 0.09 0.32 0.03 0.34 0.0 0.0 0.0 0.0 0.07 0.35 0.0 0.0 0.0 0.0 0.1 0.12 0.0 0.0 0.08 0.12 0.0 0.0
0.34 0.13 0.35 0.19 0.33 0.17 0.31 0.23 0.28 0.27 0.38 0.19 0.37 0.25 0.32 0.23 0.31 0.29 0.25 0.28 0.0 0.0 0.34 0.32 0.0 0.0 0.0 0.0 0.0 0.0 0.34 0.12 0.0 0.0 0.35 0.13 0.1 0.13 0.06 0.19 0.04 0.17 0.04 0.25 0.08 0.21 0.09 0.19 0.1 0.27 0.09 0.32 0.03 0.34 0.0 0.0 0.0 0.0 0.07 0.35 0.0 0.0 0.0 0.0 0.1 0.12 0.0 0.0 0.08 0.12 0.0 0.0
0.34 0.13 0.35 0.19 0.33 0.17 0.31 0.23 0.28 0.27 0.38 0.19 0.37 0.26 0.32 0.23 0.31 0.29 0.0 0.0 0.0 0.0 0.34 0.32 0.0 0.0 0.0 0.0 0.0 0.0 0.34 0.12 0.0 0.0 0.35 0.13 0.1 0.13 0.06 0.19 0.04 0.17 0.04 0.25 0.08 0.22 0.09 0.2 0.1 0.28 0.09 0.32 0.03 0.34 0.0 0.0 0.0 0.0 0.07 0.35 0.0 0.0 0.0 0.0 0.09 0.12 0.0 0.0 0.08 0.12 0.0 0.0
0.34 0.13 0.35 0.19 0.33 0.17 0.3 0.24 0.28 0.27 0.38 0.19 0.37 0.26 0.32 0.23 0.3 0.29 0.23 0.28 0.0 0.0 0.33 0.32 0.0 0.0 0.0 0.0 0.0 0.0 0.34 0.12 0.0 0.0 0.35 0.13 0.1 0.13 0.06 0.19 0.04 0.17 0.04 0.25 0.08 0.22 0.09 0.19 0.1 0.27 0.09 0.32 0.03 0.34 0.0 0.0 0.0 0.0 0.07 0.36 0.0 0.0 0.0 0.0 0.09 0.12 0.0 0.0 0.07 0.12 0.0 0.0
0.33 0.13 0.35 0.19 0.33 0.17 0.29 0.26 0.31 0.22 0.38 0.19 0.37 0.26 0.33 0.23 0.3 0.29 0.23 0.28 0.19 0.28 0.34 0.33 0.0 0.0 0.0 0.0 0.0 0.0 0.34 0.12 0.0 0.0 0.35 0.13 0.09 0.13 0.06 0.19 0.03 0.19 0.04 0.26 0.07 0.22 0.09 0.19 0.1 0.27 0.09 0.32 0.03 0.34 0.0 0.0 0.0 0.0 0.07 0.35 0.0 0.0 0.0 0.0 0.09 0.12 0.0 0.0 0.07 0.12 0.0 0.0
0.09 0.13 0.06 0.19 0.03 0.19 0.04 0.26 0.07 0.22 0.09 0.19 0.1 0.27 0.09 0.32 0.02 0.33 0.0 0.0 0.0 0.0 0.06 0.35 0.0 0.0 0.0 0.0 0.09 0.12 0.0 0.0 0.07 0.12 0.0 0.0 0.33 0.13 0.35 0.19 0.33 0.17 0.29 0.26 0.31 0.22 0.38 0.2 0.37 0.26 0.33 0.23 0.3 0.29 0.0 0.0 0.0 0.0 0.33 0.33 0.0 0.0 0.0 0.0 0.0 0.0 0.34 0.12 0.0 0.0 0.35 0.13
0.33 0.13 0.35 0.19 0.32 0.17 0.29 0.24 0.27 0.27 0.37 0.2 0.37 0.26 0.33 0.23 0.31 0.29 0.0 0.0 0.0 0.0 0.34 0.33 0.0 0.0 0.0 0.0 0.0 0.0 0.34 0.12 0.0 0.0 0.35 0.13 0.09 0.13 0.06 0.19 0.03 0.19 0.04 0.26 0.07 0.22 0.09 0.19 0.1 0.28 0.09 0.32 0.02 0.34 0.0 0.0 0.0 0.0 0.06 0.35 0.0 0.0 0.0 0.0 0.09 0.12 0.0 0.0 0.07 0.12 0.0 0.0
0.33 0.13 0.35 0.19 0.32 0.17 0.29 0.25 0.31 0.22 0.37 0.2 0.37 0.26 0.34 0.24 0.3 0.29 0.23 0.29 0.18 0.31 0.33 0.33 0.0 0.0 0.0 0.0 0.0 0.0 0.34 0.12 0.0 0.0 0.35 0.13 0.09 0.13 0.06 0.19 0.03 0.19 0.04 0.26 0.07 0.23 0.09 0.19 0.1 0.28 0.09 0.32 0.02 0.34 0.0 0.0 0.0 0.0 0.06 0.35 0.0 0.0 0.0 0.0 0.09 0.12 0.0 0.0 0.07 0.12 0.0 0.0
0.33 0.13 0.35 0.19 0.32 0.17 0.29 0.26 0.31 0.21 0.37 0.2 0.38 0.26 0.34 0.24 0.3 0.29 0.0 0.0 0.0 0.0 0.33 0.34 0.0 0.0 0.0 0.0 0.0 0.0 0.34 0.12 0.0 0.0 0.35 0.13 0.09 0.13 0.06 0.19 0.03 0.19 0.03 0.26 0.07 0.23 0.09 0.19 0.1 0.28 0.09 0.32 0.02 0.34 0.0 0.0 0.0 0.0 0.06 0.36 0.0 0.0 0.0 0.0 0.09 0.12 0.0 0.0 0.07 0.12 0.0 0.0
0.33 0.13 0.35 0.19 0.32 0.17 0.29 0.24 0.28 0.27 0.37 0.2 0.38 0.27 0.34 0.24 0.29 0.29 0.0 0.0 0.0 0.0 0.33 0.34 0.0 0.0 0.0 0.0 0.0 0.0 0.34 0.12 0.0 0.0 0.35 0.13 0.09 0.14 0.06 0.19 0.03 0.19 0.03 0.26 0.07 0.23 0.09 0.2 0.1 0.28 0.09 0.31 0.02 0.35 0.0 0.0 0.0 0.0 0.06 0.36 0.0 0.0 0.0 0.0 0.09 0.13 0.0 0.0 0.07 0.12 0.0 0.0
0.33 0.13 0.35 0.19 0.32 0.17 0.29 0.23 0.27 0.27 0.37 0.2 0.38 0.27 0.34 0.24 0.29 0.29 0.0 0.0 0.0 0.0 0.33 0.34 0.0 0.0 0.0 0.0 0.0 0.0 0.34 0.12 0.0 0.0 0.35 0.13 0.09 0.14 0.06 0.2 0.02 0.19 0.03 0.27 0.07 0.23 0.09 0.2 0.09 0.28 0.09 0.31 0.02 0.36 0.0 0.0 0.0 0.0 0.06 0.37 0.0 0.0 0.0 0.0 0.09 0.13 0.0 0.0 0.07 0.13 0.0 0.0
0.33 0.13 0.35 0.19 0.32 0.17 0.29 0.23 0.27 0.27 0.37 0.2 0.38 0.27 0.34 0.24 0.29 0.31 0.23 0.31 0.0 0.0 0.33 0.34 0.0 0.0 0.0 0.0 0.0 0.0 0.34 0.12 0.0 0.0 0.35 0.13 0.09 0.14 0.06 0.2 0.02 0.19 0.02 0.27 0.07 0.24 0.08 0.2 0.09 0.28 0.09 0.31 0.02 0.35 0.0 0.0 0.0 0.0 0.06 0.37 0.0 0.0 0.0 0.0 0.08 0.13 0.0 0.0 0.06 0.13 0.0 0.0
0.33 0.13 0.35 0.19 0.32 0.17 0.29 0.23 0.27 0.27 0.37 0.2 0.38 0.27 0.34 0.24 0.29 0.29 0.23 0.31 0.19 0.36 0.33 0.34 0.0 0.0 0.0 0.0 0.0 0.0 0.34 0.12 0.0 0.0 0.35 0.13 0.09 0.14 0.05 0.2 0.02 0.2 0.02 0.27 0.07 0.24 0.08 0.2 0.09 0.27 0.09 0.31 0.01 0.36 0.0 0.0 0.0 0.0 0.06 0.38 0.0 0.0 0.0 0.0 0.08 0.13 0.0 0.0 0.06 0.13 0.0 0.0
0.33 0.13 0.34 0.19 0.32 0.17 0.29 0.23 0.27 0.27 0.37 0.2 0.38 0.27 0.34 0.24 0.29 0.29 0.23 0.31 0.2 0.38 0.33 0.34 0.0 0.0 0.0 0.0 0.0 0.0 0.34 0.12 0.0 0.0 0.35 0.13 0.09 0.14 0.05 0.2 0.02 0.2 0.02 0.27 0.07 0.24 0.08 0.2 0.09 0.27 0.09 0.31 0.02 0.37 0.0 0.0 0.0 0.0 0.06 0.38 0.0 0.0 0.0 0.0 0.08 0.13 0.0 0.0 0.06 0.13 0.0 0.0
0.33 0.13 0.34 0.19 0.32 0.17 0.29 0.23 0.27 0.27 0.37 0.2 0.38 0.27 0.34 0.24 0.29 0.29 0.22 0.33 0.0 0.0 0.32 0.34 0.0 0.0 0.0 0.0 0.0 0.0 0.33 0.12 0.0 0.0 0.35 0.13 0.08 0.14 0.05 0.2 0.02 0.2 0.02 0.27 0.07 0.24 0.07 0.2 0.09 0.28 0.09 0.31 0.01 0.37 0.0 0.0 0.0 0.0 0.05 0.38 0.08 0.47 0.0 0.0 0.08 0.13 0.0 0.0 0.06 0.13 0.0 0.0
0.32 0.13 0.34 0.19 0.32 0.17 0.29 0.23 0.27 0.27 0.37 0.2 0.38 0.27 0.34 0.24 0.29 0.29 0.23 0.33 0.0 0.0 0.32 0.34 0.0 0.0 0.0 0.0 0.0 0.0 0.33 0.12 0.0 0.0 0.35 0.13 0.08 0.14 0.05 0.2 0.02 0.2 0.02 0.27 0.07 0.25 0.07 0.21 0.09 0.28 0.09 0.31 0.01 0.36 0.0 0.0 0.0 0.0 0.05 0.38 0.0 0.0 0.0 0.0 0.07 0.13 0.0 0.0 0.06 0.14 0.0 0.0
0.32 0.13 0.34 0.19 0.32 0.17 0.29 0.22 0.28 0.27 0.37 0.2 0.38 0.27 0.34 0.24 0.29 0.29 0.23 0.34 0.2 0.42 0.33 0.33 0.0 0.0 0.0 0.0 0.0 0.0 0.33 0.12 0.0 0.0 0.35 0.13 0.08 0.15 0.05 0.2 0.02 0.2 0.02 0.27 0.06 0.25 0.07 0.21 0.09 0.28 0.09 0.31 0.01 0.37 0.0 0.0 0.0 0.0 0.05 0.38 0.0 0.0 0.0 0.0 0.07 0.14 0.0 0.0 0.06 0.14 0.0 0.0
0.32 0.13 0.34 0.19 0.32 0.17 0.29 0.23 0.27 0.28 0.37 0.2 0.37 0.28 0.35 0.24 0.29 0.31 0.23 0.34 0.0 0.0 0.32 0.34 0.0 0.0 0.0 0.0 0.0 0.0 0.33 0.12 0.0 0.0 0.35 0.13 0.08 0.15 0.05 0.21 0.02 0.2 0.02 0.28 0.07 0.25 0.07 0.21 0.09 0.28 0.09 0.31 0.01 0.38 0.0 0.0 0.0 0.0 0.05 0.39 0.08 0.47 0.0 0.0 0.07 0.14 0.0 0.0 0.06 0.14 0.0 0.0
0.32 0.13 0.34 0.19 0.32 0.17 0.29 0.22 0.27 0.28 0.37 0.2 0.37 0.28 0.35 0.24 0.29 0.31 0.23 0.35 0.0 0.0 0.32 0.34 0.0 0.0 0.0 0.0 0.32 0.12 0.33 0.12 0.0 0.0 0.35 0.13 0.08 0.15 0.05 0.21 0.02 0.2 0.02 0.28 0.06 0.25 0.07 0.21 0.09 0.28 0.09 0.31 0.01 0.37 0.0 0.0 0.0 0.0 0.05 0.39 0.0 0.0 0.0 0.0 0.07 0.14 0.0 0.0 0.06 0.14 0.0 0.0
0.32 0.13 0.34 0.19 0.31 0.17 0.29 0.23 0.27 0.28 0.37 0.19 0.37 0.28 0.35 0.24 0.29 0.31 0.23 0.36 0.0 0.0 0.32 0.34 0.0 0.0 0.0 0.0 0.32 0.12 0.33 0.12 0.0 0.0 0.35 0.13 0.08 0.15 0.05 0.21 0.02 0.21 0.02 0.28 0.06 0.25 0.07 0.21 0.09 0.28 0.09 0.31 0.01 0.37 0.0 0.0 0.0 0.0 0.05 0.38 0.0 0.0 0.0 0.0 0.07 0.14 0.0 0.0 0.06 0.14 0.0 0.0
0.32 0.13 0.34 0.19 0.31 0.17 0.29 0.24 0.29 0.21 0.37 0.2 0.37 0.28 0.35 0.24 0.29 0.31 0.23 0.37 0.0 0.0 0.32 0.34 0.0 0.0 0.0 0.0 0.32 0.12 0.33 0.12 0.0 0.0 0.35 0.13 0.07 0.15 0.04 0.21 0.02 0.21 0.02 0.28 0.07 0.25 0.07 0.21 0.09 0.28 0.09 0.31 0.01 0.38 0.0 0.0 0.0 0.0 0.05 0.39 0.0 0.0 0.0 0.0 0.07 0.14 0.0 0.0 0.06 0.14 0.0 0.0
0.32 0.13 0.34 0.19 0.31 0.17 0.29 0.24 0.29 0.21 0.36 0.19 0.37 0.28 0.35 0.24 0.29 0.31 0.23 0.37 0.0 0.0 0.32 0.34 0.0 0.0 0.0 0.0 0.0 0.0 0.32 0.12 0.0 0.0 0.34 0.13 0.07 0.15 0.05 0.21 0.02 0.21 0.02 0.28 0.07 0.25 0.07 0.21 0.09 0.28 0.09 0.31 0.01 0.38 0.0 0.0 0.0 0.0 0.05 0.39 0.0 0.0 0.0 0.0 0.07 0.14 0.0 0.0 0.06 0.14 0.0 0.0
0.32 0.13 0.34 0.19 0.31 0.17 0.28 0.24 0.29 0.21 0.36 0.19 0.37 0.28 0.35 0.24 0.29 0.31 0.23 0.39 0.0 0.0 0.32 0.34 0.0 0.0 0.0 0.0 0.0 0.0 0.32 0.12 0.0 0.0 0.34 0.13 0.07 0.15 0.05 0.21 0.02 0.21 0.02 0.28 0.07 0.25 0.07 0.21 0.09 0.28 0.09 0.31 0.01 0.37 0.0 0.0 0.0 0.0 0.0 0.0 0.0 0.0 0.0 0.0 0.07 0.14 0.0 0.0 0.06 0.14 0.0 0.0
0.32 0.13 0.34 0.19 0.31 0.17 0.29 0.22 0.0 0.0 0.36 0.19 0.37 0.28 0.35 0.24 0.29 0.31 0.0 0.0 0.0 0.0 0.32 0.34 0.0 0.0 0.0 0.0 0.0 0.0 0.32 0.12 0.0 0.0 0.34 0.13 0.07 0.15 0.05 0.21 0.02 0.21 0.03 0.28 0.07 0.25 0.07 0.21 0.08 0.28 0.09 0.31 0.01 0.37 0.0 0.0 0.0 0.0 0.0 0.0 0.0 0.0 0.0 0.0 0.07 0.14 0.0 0.0 0.06 0.14 0.0 0.0
0.32 0.13 0.34 0.19 0.31 0.17 0.28 0.23 0.0 0.0 0.36 0.2 0.37 0.28 0.35 0.24 0.28 0.32 0.23 0.42 0.0 0.0 0.32 0.35 0.0 0.0 0.0 0.0 0.32 0.12 0.32 0.12 0.0 0.0 0.34 0.13 0.07 0.15 0.05 0.21 0.02 0.21 0.04 0.28 0.07 0.25 0.07 0.21 0.09 0.28 0.09 0.31 0.01 0.36 0.0 0.0 0.0 0.0 0.0 0.0 0.0 0.0 0.0 0.0 0.07 0.13 0.0 0.0 0.06 0.14 0.0 0.0
0.32 0.13 0.33 0.19 0.31 0.17 0.28 0.22 0.27 0.28 0.36 0.2 0.37 0.28 0.35 0.24 0.29 0.32 0.23 0.41 0.0 0.0 0.32 0.34 0.0 0.0 0.0 0.0 0.32 0.12 0.32 0.12 0.0 0.0 0.34 0.13 0.07 0.14 0.05 0.21 0.02 0.21 0.04 0.28 0.07 0.24 0.07 0.21 0.09 0.28 0.09 0.32 0.01 0.37 0.0 0.0 0.0 0.0 0.05 0.38 0.0 0.0 0.0 0.0 0.07 0.13 0.0 0.0 0.06 0.14 0.0 0.0
0.32 0.13 0.33 0.19 0.31 0.17 0.28 0.23 0.27 0.29 0.36 0.2 0.37 0.28 0.35 0.24 0.28 0.32 0.0 0.0 0.0 0.0 0.32 0.34 0.0 0.0 0.0 0.0 0.32 0.12 0.32 0.12 0.0 0.0 0.34 0.13 0.07 0.14 0.05 0.21 0.02 0.21 0.04 0.28 0.07 0.24 0.07 0.21 0.09 0.28 0.09 0.32 0.01 0.36 0.0 0.0 0.0 0.0 0.05 0.38 0.0 0.0 0.0 0.0 0.07 0.13 0.0 0.0 0.06 0.14 0.0 0.0
0.31 0.13 0.33 0.19 0.31 0.17 0.28 0.22 0.27 0.28 0.35 0.2 0.37 0.28 0.35 0.24 0.28 0.32 0.0 0.0 0.0 0.0 0.32 0.34 0.0 0.0 0.0 0.0 0.32 0.12 0.32 0.12 0.0 0.0 0.34 0.13 0.07 0.14 0.05 0.21 0.02 0.21 0.04 0.28 0.07 0.23 0.07 0.2 0.08 0.27 0.09 0.32 0.02 0.36 0.0 0.0 0.0 0.0 0.05 0.37 0.0 0.0 0.0 0.0 0.07 0.13 0.0 0.0 0.06 0.13 0.0 0.0
0.31 0.13 0.33 0.19 0.3 0.17 0.27 0.24 0.27 0.29 0.35 0.2 0.37 0.28 0.35 0.24 0.28 0.33 0.0 0.0 0.0 0.0 0.32 0.35 0.0 0.0 0.0 0.0 0.32 0.12 0.32 0.12 0.0 0.0 0.34 0.13 0.07 0.14 0.05 0.21 0.02 0.21 0.05 0.28 0.07 0.23 0.07 0.2 0.08 0.28 0.09 0.32 0.02 0.36 0.0 0.0 0.0 0.0 0.06 0.37 0.0 0.0 0.0 0.0 0.07 0.13 0.0 0.0 0.06 0.13 0.0 0.0
