0.32 0.07 0.33 0.12 0.35 0.12 0.37 0.17 0.36 0.21 0.31 0.11 0.29 0.12 0.0 0.0 0.34 0.23 0.35 0.33 0.36 0.4 0.31 0.23 0.31 0.34 0.32 0.42 0.0 0.0 0.32 0.07 0.0 0.0 0.33 0.08 0.15 0.11 0.13 0.14 0.1 0.13 0.1 0.2 0.13 0.16 0.15 0.14 0.16 0.19 0.17 0.23 0.11 0.26 0.1 0.35 0.1 0.42 0.14 0.26 0.16 0.34 0.17 0.44 0.15 0.1 0.0 0.0 0.13 0.1 0.0 0.0
0.15 0.11 0.12 0.14 0.1 0.14 0.1 0.2 0.13 0.17 0.15 0.14 0.16 0.2 0.17 0.23 0.1 0.26 0.09 0.35 0.1 0.42 0.13 0.26 0.16 0.34 0.17 0.44 0.15 0.1 0.0 0.0 0.13 0.1 0.0 0.0 0.31 0.07 0.33 0.11 0.35 0.12 0.37 0.16 0.36 0.21 0.31 0.1 0.29 0.13 0.29 0.09 0.33 0.23 0.34 0.32 0.34 0.39 0.31 0.23 0.31 0.34 0.32 0.42 0.0 0.0 0.32 0.06 0.0 0.0 0.32 0.07
0.15 0.11 0.12 0.14 0.1 0.14 0.1 0.21 0.13 0.17 0.14 0.14 0.15 0.2 0.17 0.23 0.1 0.27 0.09 0.35 0.1 0.42 0.13 0.27 0.16 0.35 0.17 0.44 0.14 0.1 0.0 0.0 0.13 0.1 0.0 0.0 0.31 0.07 0.32 0.11 0.34 0.11 0.37 0.16 0.36 0.2 0.31 0.1 0.29 0.13 0.0 0.0 0.33 0.23 0.33 0.31 0.33 0.39 0.3 0.22 0.31 0.32 0.31 0.41 0.0 0.0 0.31 0.06 0.0 0.0 0.32 0.07
0.31 0.07 0.32 0.11 0.34 0.11 0.37 0.16 0.35 0.2 0.31 0.1 0.29 0.14 0.27 0.11 0.32 0.22 0.32 0.31 0.32 0.38 0.29 0.22 0.29 0.31 0.31 0.39 0.0 0.0 0.31 0.06 0.0 0.0 0.32 0.07 0.14 0.11 0.12 0.14 0.1 0.14 0.09 0.21 0.12 0.17 0.14 0.15 0.15 0.2 0.16 0.23 0.1 0.27 0.08 0.35 0.09 0.41 0.13 0.27 0.16 0.35 0.17 0.42 0.14 0.11 0.0 0.0 0.12 0.1 0.0 0.0
0.14 0.11 0.12 0.14 0.1 0.14 0.09 0.21 0.12 0.17 0.13 0.15 0.15 0.2 0.15 0.23 0.1 0.27 0.07 0.34 0.09 0.41 0.13 0.27 0.15 0.34 0.17 0.42 0.13 0.11 0.0 0.0 0.12 0.1 0.0 0.0 0.31 0.06 0.32 0.1 0.34 0.11 0.37 0.15 0.35 0.19 0.31 0.1 0.29 0.14 0.27 0.13 0.32 0.22 0.31 0.31 0.31 0.38 0.29 0.21 0.29 0.31 0.29 0.39 0.0 0.0 0.31 0.06 0.0 0.0 0.32 0.06
0.14 0.11 0.12 0.14 0.09 0.14 0.09 0.2 0.12 0.17 0.13 0.15 0.15 0.2 0.15 0.23 0.09 0.27 0.07 0.34 0.09 0.4 0.12 0.27 0.15 0.34 0.17 0.42 0.13 0.11 0.0 0.0 0.12 0.1 0.0 0.0 0.3 0.06 0.32 0.1 0.34 0.11 0.37 0.15 0.35 0.19 0.31 0.1 0.29 0.14 0.26 0.14 0.32 0.22 0.31 0.31 0.3 0.38 0.29 0.21 0.27 0.29 0.29 0.39 0.0 0.0 0.31 0.06 0.0 0.0 0.32 0.06
0.13 0.11 0.11 0.14 0.09 0.13 0.08 0.2 0.11 0.17 0.13 0.14 0.14 0.19 0.15 0.22 0.09 0.26 0.06 0.34 0.07 0.4 0.12 0.26 0.15 0.34 0.17 0.42 0.13 0.11 0.0 0.0 0.12 0.1 0.0 0.0 0.3 0.07 0.32 0.1 0.34 0.11 0.36 0.16 0.34 0.19 0.3 0.1 0.28 0.14 0.25 0.16 0.32 0.22 0.3 0.31 0.29 0.38 0.29 0.21 0.26 0.28 0.27 0.36 0.0 0.0 0.3 0.06 0.0 0.0 0.31 0.06
0.13 0.11 0.11 0.14 0.09 0.13 0.08 0.2 0.11 0.17 0.13 0.14 0.13 0.19 0.14 0.22 0.09 0.26 0.06 0.34 0.07 0.39 0.12 0.26 0.14 0.34 0.17 0.41 0.13 0.1 0.0 0.0 0.12 0.1 0.0 0.0 0.29 0.07 0.32 0.1 0.34 0.11 0.35 0.16 0.32 0.19 0.3 0.1 0.27 0.14 0.24 0.17 0.31 0.22 0.3 0.31 0.29 0.37 0.29 0.21 0.25 0.27 0.26 0.34 0.0 0.0 0.3 0.06 0.0 0.0 0.31 0.07
0.29 0.07 0.31 0.11 0.33 0.11 0.35 0.16 0.33 0.19 0.29 0.11 0.27 0.14 0.24 0.19 0.31 0.22 0.29 0.32 0.27 0.39 0.28 0.21 0.24 0.25 0.24 0.31 0.0 0.0 0.29 0.07 0.0 0.0 0.31 0.07 0.13 0.11 0.1 0.14 0.08 0.13 0.07 0.19 0.1 0.17 0.12 0.14 0.13 0.19 0.13 0.22 0.08 0.26 0.05 0.34 0.05 0.4 0.11 0.26 0.13 0.33 0.16 0.41 0.12 0.1 0.0 0.0 0.11 0.1 0.0 0.0
0.12 0.11 0.1 0.13 0.08 0.13 0.07 0.19 0.1 0.17 0.12 0.14 0.13 0.19 0.13 0.22 0.08 0.26 0.04 0.34 0.04 0.41 0.11 0.26 0.13 0.32 0.15 0.4 0.12 0.1 0.0 0.0 0.1 0.1 0.0 0.0 0.29 0.08 0.31 0.11 0.33 0.11 0.34 0.17 0.0 0.0 0.29 0.11 0.26 0.15 0.24 0.2 0.31 0.23 0.29 0.33 0.27 0.42 0.28 0.22 0.24 0.24 0.23 0.29 0.0 0.0 0.29 0.07 0.0 0.0 0.3 0.07
0.29 0.08 0.31 0.12 0.32 0.12 0.34 0.17 0.0 0.0 0.29 0.11 0.26 0.15 0.24 0.21 0.31 0.24 0.29 0.33 0.26 0.44 0.28 0.22 0.24 0.22 0.21 0.28 0.0 0.0 0.29 0.07 0.0 0.0 0.3 0.08 0.12 0.11 0.1 0.13 0.07 0.13 0.07 0.19 0.1 0.17 0.12 0.14 0.12 0.19 0.13 0.22 0.08 0.26 0.06 0.29 0.04 0.37 0.1 0.26 0.13 0.33 0.15 0.4 0.12 0.1 0.0 0.0 0.1 0.1 0.0 0.0
0.12 0.11 0.09 0.13 0.07 0.13 0.06 0.19 0.09 0.17 0.11 0.14 0.12 0.19 0.12 0.22 0.07 0.26 0.04 0.34 0.01 0.41 0.1 0.26 0.13 0.33 0.14 0.4 0.12 0.1 0.0 0.0 0.1 0.1 0.0 0.0 0.28 0.09 0.31 0.12 0.32 0.12 0.33 0.19 0.0 0.0 0.29 0.12 0.26 0.17 0.23 0.21 0.31 0.24 0.28 0.33 0.26 0.42 0.29 0.23 0.27 0.33 0.26 0.41 0.0 0.0 0.29 0.08 0.0 0.0 0.29 0.08
0.28 0.09 0.3 0.13 0.32 0.13 0.0 0.0 0.0 0.0 0.29 0.13 0.26 0.17 0.23 0.21 0.31 0.25 0.28 0.34 0.27 0.41 0.28 0.24 0.27 0.33 0.26 0.42 0.0 0.0 0.28 0.08 0.0 0.0 0.29 0.09 0.12 0.11 0.09 0.14 0.07 0.13 0.06 0.2 0.09 0.17 0.11 0.14 0.12 0.19 0.12 0.22 0.07 0.26 0.04 0.35 0.01 0.41 0.1 0.26 0.13 0.33 0.13 0.41 0.11 0.1 0.0 0.0 0.1 0.1 0.0 0.0
0.11 0.11 0.09 0.14 0.07 0.14 0.05 0.2 0.09 0.19 0.1 0.14 0.11 0.19 0.11 0.23 0.07 0.26 0.04 0.35 0.0 0.41 0.09 0.27 0.12 0.33 0.12 0.41 0.1 0.1 0.0 0.0 0.09 0.11 0.0 0.0 0.27 0.09 0.3 0.13 0.32 0.13 0.0 0.0 0.0 0.0 0.28 0.13 0.26 0.17 0.23 0.22 0.3 0.25 0.27 0.35 0.26 0.44 0.28 0.24 0.27 0.35 0.26 0.42 0.0 0.0 0.28 0.09 0.0 0.0 0.29 0.09
0.11 0.11 0.09 0.14 0.06 0.14 0.05 0.2 0.08 0.2 0.1 0.15 0.11 0.2 0.1 0.23 0.06 0.27 0.03 0.35 0.0 0.41 0.09 0.27 0.12 0.33 0.11 0.41 0.1 0.11 0.0 0.0 0.09 0.11 0.0 0.0 0.27 0.09 0.3 0.13 0.32 0.13 0.0 0.0 0.0 0.0 0.28 0.13 0.25 0.17 0.23 0.22 0.29 0.26 0.27 0.35 0.27 0.44 0.27 0.25 0.27 0.35 0.26 0.44 0.0 0.0 0.27 0.09 0.0 0.0 0.29 0.09
0.27 0.1 0.3 0.13 0.31 0.13 0.0 0.0 0.0 0.0 0.28 0.13 0.25 0.17 0.23 0.21 0.29 0.26 0.27 0.35 0.27 0.44 0.27 0.24 0.0 0.0 0.0 0.0 0.0 0.0 0.27 0.09 0.0 0.0 0.29 0.09 0.1 0.12 0.08 0.15 0.06 0.14 0.05 0.21 0.08 0.21 0.1 0.15 0.1 0.2 0.1 0.24 0.06 0.27 0.03 0.36 0.0 0.41 0.09 0.28 0.12 0.33 0.1 0.41 0.1 0.11 0.0 0.0 0.09 0.11 0.0 0.0
0.1 0.12 0.08 0.15 0.06 0.15 0.05 0.21 0.08 0.21 0.1 0.15 0.1 0.2 0.1 0.24 0.06 0.27 0.03 0.36 0.0 0.41 0.09 0.28 0.12 0.33 0.09 0.41 0.1 0.11 0.0 0.0 0.09 0.11 0.0 0.0 0.27 0.1 0.29 0.13 0.31 0.13 0.0 0.0 0.0 0.0 0.28 0.13 0.25 0.17 0.23 0.21 0.29 0.26 0.27 0.35 0.27 0.44 0.27 0.24 0.0 0.0 0.0 0.0 0.0 0.0 0.27 0.09 0.0 0.0 0.29 0.09
0.1 0.12 0.08 0.15 0.06 0.15 0.05 0.22 0.09 0.21 0.1 0.15 0.1 0.22 0.1 0.25 0.06 0.27 0.03 0.36 0.0 0.42 0.09 0.28 0.12 0.34 0.09 0.41 0.1 0.11 0.0 0.0 0.09 0.11 0.0 0.0 0.27 0.09 0.29 0.13 0.31 0.13 0.0 0.0 0.0 0.0 0.28 0.13 0.25 0.17 0.23 0.21 0.29 0.26 0.27 0.35 0.27 0.44 0.27 0.24 0.26 0.35 0.27 0.42 0.0 0.0 0.27 0.09 0.0 0.0 0.29 0.09
0.1 0.12 0.08 0.15 0.06 0.15 0.05 0.22 0.09 0.22 0.1 0.15 0.1 0.22 0.1 0.25 0.06 0.27 0.02 0.36 0.0 0.42 0.09 0.28 0.12 0.34 0.09 0.41 0.1 0.11 0.0 0.0 0.09 0.11 0.0 0.0 0.27 0.09 0.29 0.13 0.31 0.13 0.0 0.0 0.0 0.0 0.28 0.13 0.25 0.17 0.23 0.21 0.29 0.25 0.27 0.35 0.27 0.44 0.26 0.24 0.26 0.34 0.26 0.42 0.0 0.0 0.27 0.09 0.0 0.0 0.29 0.09
0.1 0.12 0.07 0.15 0.06 0.15 0.05 0.22 0.09 0.22 0.09 0.16 0.09 0.22 0.1 0.25 0.06 0.27 0.02 0.36 0.0 0.42 0.08 0.28 0.11 0.34 0.08 0.41 0.1 0.11 0.0 0.0 0.09 0.11 0.0 0.0 0.27 0.09 0.29 0.13 0.31 0.13 0.0 0.0 0.0 0.0 0.27 0.13 0.24 0.17 0.22 0.21 0.28 0.25 0.27 0.35 0.27 0.44 0.26 0.24 0.26 0.34 0.26 0.42 0.0 0.0 0.27 0.08 0.0 0.0 0.28 0.09
0.27 0.09 0.29 0.13 0.31 0.13 0.0 0.0 0.0 0.0 0.27 0.13 0.24 0.17 0.21 0.21 0.28 0.25 0.27 0.34 0.27 0.44 0.26 0.24 0.26 0.34 0.26 0.42 0.0 0.0 0.27 0.08 0.0 0.0 0.28 0.09 0.1 0.12 0.07 0.15 0.06 0.15 0.06 0.22 0.1 0.22 0.09 0.16 0.09 0.23 0.09 0.26 0.05 0.27 0.03 0.36 0.0 0.42 0.08 0.28 0.11 0.34 0.07 0.41 0.1 0.11 0.0 0.0 0.08 0.11 0.0 0.0
0.27 0.09 0.29 0.13 0.31 0.13 0.0 0.0 0.0 0.0 0.27 0.13 0.24 0.17 0.17 0.22 0.28 0.25 0.27 0.34 0.27 0.42 0.26 0.24 0.26 0.34 0.27 0.44 0.0 0.0 0.27 0.08 0.0 0.0 0.28 0.08 0.1 0.12 0.07 0.15 0.06 0.15 0.06 0.22 0.1 0.21 0.09 0.16 0.0 0.0 0.0 0.0 0.05 0.27 0.03 0.36 0.0 0.42 0.08 0.28 0.11 0.34 0.07 0.41 0.1 0.11 0.0 0.0 0.08 0.11 0.0 0.0
0.1 0.12 0.07 0.15 0.06 0.15 0.06 0.22 0.1 0.21 0.09 0.15 0.11 0.21 0.0 0.0 0.05 0.28 0.03 0.36 0.0 0.42 0.08 0.28 0.1 0.35 0.07 0.41 0.1 0.11 0.0 0.0 0.08 0.11 0.0 0.0 0.27 0.09 0.29 0.13 0.31 0.13 0.0 0.0 0.0 0.0 0.27 0.12 0.24 0.17 0.18 0.22 0.28 0.25 0.27 0.34 0.27 0.42 0.26 0.24 0.26 0.34 0.27 0.44 0.0 0.0 0.27 0.08 0.0 0.0 0.28 0.08
0.1 0.12 0.07 0.15 0.06 0.15 0.06 0.22 0.1 0.2 0.09 0.15 0.09 0.21 0.0 0.0 0.05 0.27 0.03 0.36 0.0 0.42 0.08 0.28 0.1 0.35 0.07 0.41 0.1 0.11 0.0 0.0 0.08 0.11 0.0 0.0 0.27 0.09 0.29 0.13 0.31 0.13 0.0 0.0 0.0 0.0 0.27 0.12 0.24 0.17 0.17 0.24 0.27 0.25 0.27 0.34 0.27 0.44 0.26 0.24 0.26 0.34 0.26 0.42 0.0 0.0 0.27 0.08 0.0 0.0 0.28 0.08
0.1 0.11 0.08 0.15 0.06 0.15 0.07 0.22 0.1 0.2 0.09 0.15 0.09 0.21 0.0 0.0 0.05 0.27 0.03 0.36 0.01 0.42 0.08 0.28 0.1 0.35 0.07 0.41 0.1 0.11 0.0 0.0 0.08 0.11 0.0 0.0 0.27 0.09 0.29 0.13 0.31 0.13 0.0 0.0 0.0 0.0 0.27 0.12 0.24 0.17 0.21 0.21 0.27 0.24 0.26 0.34 0.27 0.44 0.25 0.23 0.0 0.0 0.0 0.0 0.0 0.0 0.27 0.08 0.0 0.0 0.28 0.08
0.27 0.09 0.29 0.13 0.31 0.13 0.3 0.2 0.0 0.0 0.27 0.12 0.24 0.17 0.22 0.21 0.27 0.24 0.26 0.34 0.27 0.44 0.25 0.23 0.2 0.22 0.18 0.26 0.0 0.0 0.27 0.08 0.0 0.0 0.28 0.08 0.1 0.11 0.08 0.15 0.07 0.14 0.07 0.21 0.1 0.19 0.09 0.15 0.1 0.21 0.0 0.0 0.05 0.27 0.04 0.36 0.01 0.42 0.08 0.28 0.1 0.34 0.07 0.41 0.1 0.1 0.0 0.0 0.08 0.11 0.0 0.0
0.26 0.09 0.28 0.13 0.31 0.13 0.0 0.0 0.0 0.0 0.26 0.12 0.24 0.17 0.22 0.22 0.27 0.24 0.26 0.34 0.27 0.44 0.24 0.23 0.2 0.22 0.18 0.26 0.0 0.0 0.27 0.08 0.0 0.0 0.27 0.08 0.1 0.11 0.08 0.14 0.07 0.14 0.07 0.21 0.1 0.17 0.09 0.15 0.1 0.21 0.0 0.0 0.05 0.27 0.04 0.36 0.01 0.42 0.08 0.28 0.1 0.34 0.07 0.41 0.1 0.1 0.0 0.0 0.08 0.1 0.0 0.0
0.26 0.09 0.28 0.13 0.3 0.13 0.3 0.2 0.0 0.0 0.26 0.12 0.24 0.17 0.22 0.22 0.27 0.25 0.26 0.34 0.26 0.44 0.24 0.23 0.2 0.24 0.18 0.28 0.0 0.0 0.27 0.08 0.0 0.0 0.27 0.08 0.1 0.11 0.08 0.14 0.07 0.14 0.08 0.2 0.1 0.16 0.09 0.14 0.0 0.0 0.0 0.0 0.06 0.27 0.04 0.35 0.01 0.42 0.08 0.27 0.1 0.34 0.07 0.41 0.1 0.1 0.0 0.0 0.08 0.1 0.0 0.0
0.26 0.09 0.28 0.13 0.3 0.13 0.3 0.2 0.0 0.0 0.26 0.12 0.24 0.17 0.22 0.22 0.27 0.25 0.26 0.34 0.26 0.44 0.24 0.23 0.2 0.24 0.18 0.29 0.0 0.0 0.26 0.08 0.0 0.0 0.27 0.08 0.1 0.1 0.08 0.14 0.07 0.14 0.09 0.2 0.1 0.16 0.09 0.14 0.0 0.0 0.0 0.0 0.06 0.26 0.04 0.35 0.01 0.42 0.08 0.27 0.1 0.34 0.07 0.41 0.1 0.1 0.0 0.0 0.08 0.1 0.0 0.0
0.26 0.09 0.28 0.13 0.3 0.13 0.3 0.2 0.0 0.0 0.26 0.12 0.24 0.17 0.22 0.22 0.27 0.25 0.26 0.34 0.26 0.44 0.24 0.23 0.2 0.25 0.18 0.31 0.0 0.0 0.26 0.08 0.0 0.0 0.27 0.08 0.1 0.1 0.08 0.14 0.07 0.13 0.09 0.19 0.11 0.15 0.09 0.14 0.1 0.19 0.11 0.15 0.06 0.26 0.04 0.36 0.01 0.42 0.08 0.27 0.1 0.34 0.07 0.42 0.1 0.09 0.0 0.0 0.08 0.1 0.0 0.0
0.26 0.09 0.27 0.13 0.3 0.13 0.3 0.21 0.0 0.0 0.26 0.12 0.23 0.17 0.22 0.22 0.27 0.25 0.26 0.34 0.26 0.44 0.24 0.24 0.2 0.26 0.18 0.33 0.0 0.0 0.26 0.08 0.0 0.0 0.27 0.09 0.1 0.1 0.08 0.13 0.07 0.13 0.1 0.19 0.11 0.14 0.09 0.14 0.1 0.17 0.11 0.15 0.06 0.26 0.05 0.36 0.02 0.42 0.08 0.26 0.1 0.35 0.07 0.42 0.1 0.09 0.0 0.0 0.08 0.1 0.0 0.0
0.26 0.09 0.27 0.13 0.3 0.14 0.29 0.21 0.0 0.0 0.26 0.12 0.23 0.17 0.22 0.22 0.27 0.25 0.26 0.34 0.26 0.44 0.24 0.24 0.2 0.26 0.19 0.33 0.0 0.0 0.26 0.08 0.0 0.0 0.27 0.09 0.1 0.1 0.07 0.13 0.07 0.13 0.1 0.17 0.12 0.14 0.08 0.13 0.1 0.17 0.11 0.15 0.06 0.26 0.05 0.36 0.02 0.41 0.08 0.26 0.1 0.35 0.07 0.42 0.1 0.09 0.0 0.0 0.08 0.09 0.0 0.0
0.26 0.09 0.27 0.13 0.29 0.13 0.29 0.21 0.0 0.0 0.26 0.12 0.23 0.17 0.21 0.22 0.27 0.25 0.26 0.34 0.26 0.44 0.24 0.24 0.2 0.28 0.19 0.35 0.0 0.0 0.26 0.09 0.0 0.0 0.27 0.09 0.1 0.1 0.08 0.13 0.07 0.13 0.1 0.16 0.12 0.14 0.09 0.13 0.1 0.16 0.12 0.14 0.06 0.26 0.06 0.36 0.02 0.41 0.08 0.26 0.1 0.35 0.07 0.42 0.1 0.09 0.0 0.0 0.08 0.09 0.0 0.0
