0.24 0.19 0.26 0.21 0.24 0.21 0.0 0.0 0.0 0.0 0.27 0.21 0.27 0.25 0.25 0.22 0.24 0.27 0.0 0.0 0.0 0.0 0.26 0.28 0.27 0.33 0.28 0.37 0.0 0.0 0.25 0.19 0.0 0.0 0.26 0.19 0.0 0.0 0.21 0.21 0.22 0.21 0.23 0.25 0.24 0.27 0.2 0.21 0.2 0.23 0.0 0.0 0.22 0.28 0.23 0.33 0.23 0.38 0.2 0.28 0.2 0.34 0.19 0.38 0.0 0.0 0.0 0.0 0.21 0.19 0.2 0.17
0.24 0.19 0.26 0.21 0.24 0.21 0.0 0.0 0.0 0.0 0.27 0.21 0.27 0.25 0.25 0.22 0.24 0.28 0.0 0.0 0.0 0.0 0.26 0.28 0.27 0.33 0.28 0.37 0.0 0.0 0.25 0.19 0.0 0.0 0.26 0.19 0.0 0.0 0.21 0.21 0.22 0.21 0.23 0.25 0.24 0.28 0.2 0.21 0.19 0.23 0.0 0.0 0.22 0.28 0.23 0.33 0.23 0.38 0.2 0.28 0.2 0.34 0.19 0.38 0.0 0.0 0.0 0.0 0.21 0.17 0.2 0.17
0.24 0.19 0.26 0.21 0.24 0.21 0.0 0.0 0.0 0.0 0.27 0.21 0.27 0.25 0.25 0.22 0.24 0.27 0.0 0.0 0.0 0.0 0.26 0.28 0.27 0.33 0.28 0.37 0.0 0.0 0.25 0.19 0.0 0.0 0.26 0.19 0.0 0.0 0.21 0.21 0.22 0.21 0.23 0.25 0.24 0.27 0.2 0.21 0.19 0.23 0.0 0.0 0.22 0.28 0.23 0.33 0.23 0.38 0.2 0.28 0.2 0.33 0.19 0.38 0.0 0.0 0.0 0.0 0.21 0.17 0.2 0.17
0.24 0.19 0.26 0.21 0.24 0.21 0.0 0.0 0.0 0.0 0.27 0.21 0.27 0.25 0.25 0.22 0.24 0.27 0.0 0.0 0.0 0.0 0.26 0.27 0.27 0.33 0.28 0.37 0.0 0.0 0.25 0.17 0.0 0.0 0.26 0.19 0.0 0.0 0.21 0.21 0.22 0.21 0.23 0.24 0.24 0.27 0.2 0.21 0.19 0.23 0.0 0.0 0.22 0.28 0.23 0.33 0.23 0.38 0.2 0.28 0.2 0.33 0.19 0.38 0.0 0.0 0.0 0.0 0.21 0.17 0.2 0.17
0.24 0.19 0.26 0.21 0.24 0.21 0.0 0.0 0.0 0.0 0.27 0.21 0.27 0.25 0.25 0.22 0.24 0.27 0.0 0.0 0.0 0.0 0.26 0.27 0.27 0.33 0.28 0.37 0.0 0.0 0.25 0.17 0.0 0.0 0.26 0.19 0.0 0.0 0.21 0.21 0.22 0.21 0.23 0.24 0.24 0.27 0.2 0.21 0.19 0.23 0.0 0.0 0.22 0.28 0.23 0.33 0.23 0.38 0.2 0.28 0.2 0.33 0.19 0.38 0.0 0.0 0.0 0.0 0.21 0.17 0.2 0.17
0.0 0.0 0.21 0.21 0.22 0.21 0.23 0.24 0.24 0.27 0.2 0.21 0.19 0.23 0.0 0.0 0.22 0.28 0.23 0.33 0.23 0.38 0.2 0.28 0.2 0.33 0.19 0.38 0.0 0.0 0.0 0.0 0.22 0.17 0.2 0.17 0.24 0.19 0.26 0.21 0.24 0.2 0.0 0.0 0.0 0.0 0.27 0.21 0.27 0.24 0.25 0.22 0.24 0.27 0.0 0.0 0.0 0.0 0.26 0.27 0.27 0.33 0.28 0.37 0.0 0.0 0.25 0.17 0.0 0.0 0.26 0.17
0.2 0.1 0.18 0.14 0.2 0.14 0.22 0.2 0.24 0.24 0.17 0.14 0.0 0.0 0.0 0.0 0.21 0.25 0.26 0.29 0.0 0.0 0.18 0.26 0.21 0.35 0.23 0.45 0.2 0.09 0.0 0.0 0.19 0.1 0.0 0.0 0.4 0.14 0.42 0.17 0.4 0.17 0.4 0.23 0.38 0.25 0.45 0.16 0.44 0.22 0.41 0.2 0.41 0.31 0.39 0.36 0.4 0.44 0.45 0.31 0.48 0.37 0.49 0.44 0.0 0.0 0.4 0.13 0.0 0.0 0.42 0.13
0.2 0.1 0.18 0.14 0.2 0.14 0.22 0.2 0.24 0.24 0.17 0.14 0.0 0.0 0.0 0.0 0.21 0.25 0.26 0.29 0.0 0.0 0.18 0.26 0.21 0.35 0.23 0.45 0.2 0.09 0.0 0.0 0.19 0.1 0.0 0.0 0.4 0.14 0.42 0.17 0.4 0.17 0.4 0.23 0.38 0.25 0.45 0.16 0.44 0.22 0.41 0.2 0.41 0.31 0.39 0.36 0.4 0.44 0.45 0.31 0.48 0.37 0.49 0.44 0.0 0.0 0.4 0.13 0.0 0.0 0.42 0.13
0.4 0.14 0.43 0.17 0.41 0.17 0.4 0.23 0.38 0.25 0.45 0.17 0.44 0.22 0.41 0.2 0.41 0.31 0.39 0.36 0.4 0.44 0.45 0.31 0.48 0.37 0.49 0.44 0.0 0.0 0.4 0.13 0.0 0.0 0.42 0.13 0.2 0.1 0.18 0.14 0.2 0.14 0.22 0.2 0.24 0.24 0.17 0.15 0.0 0.0 0.0 0.0 0.21 0.25 0.0 0.0 0.0 0.0 0.19 0.26 0.21 0.36 0.23 0.45 0.2 0.1 0.0 0.0 0.19 0.1 0.0 0.0
0.4 0.14 0.43 0.17 0.4 0.17 0.4 0.23 0.38 0.25 0.45 0.17 0.44 0.22 0.41 0.2 0.41 0.31 0.39 0.36 0.4 0.44 0.45 0.31 0.48 0.37 0.49 0.45 0.0 0.0 0.4 0.13 0.0 0.0 0.42 0.13 0.2 0.1 0.18 0.14 0.2 0.14 0.23 0.2 0.24 0.24 0.17 0.15 0.0 0.0 0.0 0.0 0.21 0.25 0.0 0.0 0.0 0.0 0.19 0.26 0.21 0.36 0.23 0.45 0.2 0.1 0.0 0.0 0.19 0.1 0.0 0.0
0.4 0.14 0.43 0.17 0.41 0.17 0.4 0.23 0.38 0.25 0.45 0.17 0.44 0.22 0.41 0.2 0.42 0.31 0.39 0.36 0.41 0.44 0.45 0.31 0.48 0.38 0.49 0.45 0.0 0.0 0.4 0.13 0.0 0.0 0.42 0.13 0.2 0.1 0.18 0.15 0.2 0.14 0.23 0.2 0.24 0.24 0.17 0.15 0.0 0.0 0.0 0.0 0.21 0.25 0.0 0.0 0.0 0.0 0.19 0.27 0.21 0.36 0.23 0.45 0.2 0.1 0.0 0.0 0.19 0.1 0.0 0.0
0.4 0.14 0.43 0.17 0.41 0.17 0.4 0.23 0.38 0.25 0.45 0.17 0.44 0.22 0.41 0.2 0.42 0.31 0.39 0.36 0.41 0.44 0.45 0.31 0.48 0.38 0.49 0.45 0.0 0.0 0.4 0.13 0.0 0.0 0.42 0.13 0.2 0.1 0.18 0.15 0.2 0.14 0.23 0.2 0.24 0.24 0.17 0.15 0.0 0.0 0.0 0.0 0.21 0.25 0.25 0.32 0.0 0.0 0.19 0.27 0.21 0.36 0.23 0.45 0.2 0.1 0.0 0.0 0.19 0.1 0.0 0.0
0.2 0.11 0.18 0.15 0.2 0.15 0.23 0.2 0.24 0.24 0.17 0.15 0.0 0.0 0.0 0.0 0.22 0.25 0.25 0.33 0.0 0.0 0.19 0.27 0.21 0.36 0.23 0.45 0.2 0.1 0.0 0.0 0.19 0.1 0.0 0.0 0.4 0.14 0.43 0.17 0.41 0.17 0.4 0.23 0.38 0.25 0.45 0.17 0.45 0.22 0.41 0.2 0.42 0.31 0.39 0.37 0.41 0.42 0.45 0.31 0.48 0.38 0.49 0.45 0.0 0.0 0.4 0.13 0.0 0.0 0.42 0.13
0.2 0.11 0.18 0.15 0.2 0.15 0.23 0.2 0.24 0.24 0.17 0.15 0.0 0.0 0.0 0.0 0.22 0.25 0.25 0.32 0.0 0.0 0.2 0.27 0.21 0.36 0.23 0.45 0.2 0.1 0.0 0.0 0.19 0.1 0.0 0.0 0.4 0.14 0.43 0.17 0.41 0.17 0.4 0.23 0.38 0.25 0.45 0.17 0.45 0.22 0.41 0.2 0.42 0.31 0.39 0.37 0.41 0.44 0.45 0.31 0.48 0.38 0.49 0.45 0.0 0.0 0.4 0.13 0.0 0.0 0.42 0.13
0.2 0.11 0.18 0.15 0.2 0.15 0.23 0.2 0.24 0.24 0.17 0.15 0.0 0.0 0.0 0.0 0.21 0.26 0.26 0.31 0.0 0.0 0.19 0.27 0.21 0.36 0.23 0.45 0.2 0.1 0.0 0.0 0.19 0.1 0.0 0.0 0.4 0.14 0.43 0.17 0.41 0.17 0.4 0.23 0.38 0.25 0.45 0.17 0.45 0.22 0.41 0.2 0.42 0.31 0.4 0.37 0.41 0.44 0.45 0.31 0.48 0.38 0.49 0.45 0.0 0.0 0.41 0.13 0.0 0.0 0.42 0.13
0.21 0.11 0.18 0.15 0.2 0.15 0.23 0.21 0.25 0.25 0.17 0.15 0.0 0.0 0.0 0.0 0.21 0.26 0.22 0.35 0.0 0.0 0.2 0.27 0.21 0.36 0.23 0.45 0.2 0.1 0.0 0.0 0.19 0.1 0.0 0.0 0.4 0.14 0.43 0.17 0.41 0.17 0.4 0.23 0.38 0.25 0.45 0.17 0.45 0.22 0.42 0.21 0.42 0.31 0.4 0.37 0.41 0.44 0.45 0.31 0.48 0.38 0.49 0.45 0.0 0.0 0.41 0.13 0.0 0.0 0.42 0.13
0.21 0.11 0.18 0.15 0.2 0.15 0.23 0.21 0.25 0.25 0.17 0.15 0.0 0.0 0.0 0.0 0.21 0.26 0.0 0.0 0.0 0.0 0.2 0.28 0.21 0.37 0.23 0.45 0.2 0.1 0.0 0.0 0.19 0.1 0.0 0.0 0.4 0.14 0.43 0.17 0.41 0.17 0.4 0.23 0.38 0.25 0.45 0.17 0.45 0.22 0.42 0.21 0.42 0.31 0.4 0.37 0.41 0.44 0.45 0.31 0.48 0.38 0.49 0.45 0.0 0.0 0.41 0.13 0.0 0.0 0.42 0.13
0.21 0.11 0.18 0.15 0.2 0.15 0.23 0.21 0.25 0.25 0.17 0.15 0.0 0.0 0.0 0.0 0.21 0.26 0.22 0.35 0.0 0.0 0.19 0.26 0.21 0.36 0.23 0.45 0.2 0.1 0.0 0.0 0.2 0.1 0.0 0.0 0.4 0.14 0.43 0.17 0.41 0.19 0.4 0.23 0.38 0.25 0.45 0.17 0.45 0.23 0.42 0.21 0.42 0.31 0.4 0.37 0.41 0.44 0.45 0.31 0.48 0.38 0.49 0.45 0.0 0.0 0.41 0.13 0.0 0.0 0.42 0.13
0.21 0.11 0.18 0.15 0.2 0.15 0.23 0.21 0.25 0.25 0.17 0.15 0.0 0.0 0.0 0.0 0.21 0.26 0.22 0.35 0.0 0.0 0.19 0.26 0.21 0.36 0.23 0.45 0.2 0.1 0.0 0.0 0.2 0.1 0.0 0.0 0.4 0.14 0.43 0.17 0.41 0.19 0.4 0.23 0.38 0.25 0.45 0.17 0.45 0.23 0.42 0.21 0.42 0.31 0.4 0.37 0.41 0.44 0.45 0.31 0.48 0.38 0.49 0.45 0.0 0.0 0.41 0.13 0.0 0.0 0.42 0.13
0.21 0.11 0.18 0.15 0.2 0.15 0.23 0.21 0.26 0.25 0.17 0.15 0.0 0.0 0.0 0.0 0.21 0.27 0.22 0.36 0.23 0.45 0.2 0.27 0.21 0.37 0.23 0.45 0.2 0.1 0.0 0.0 0.2 0.1 0.0 0.0 0.4 0.14 0.43 0.17 0.41 0.19 0.4 0.23 0.38 0.24 0.45 0.17 0.45 0.23 0.42 0.21 0.42 0.31 0.4 0.37 0.41 0.44 0.45 0.31 0.48 0.38 0.49 0.45 0.0 0.0 0.41 0.13 0.0 0.0 0.42 0.13
0.21 0.11 0.18 0.15 0.2 0.15 0.23 0.21 0.26 0.25 0.17 0.15 0.0 0.0 0.0 0.0 0.21 0.27 0.22 0.36 0.23 0.45 0.19 0.27 0.21 0.37 0.23 0.46 0.2 0.1 0.0 0.0 0.2 0.1 0.0 0.0 0.4 0.14 0.43 0.17 0.41 0.19 0.4 0.23 0.38 0.24 0.45 0.17 0.45 0.23 0.42 0.21 0.42 0.31 0.4 0.37 0.41 0.44 0.45 0.31 0.48 0.38 0.49 0.45 0.0 0.0 0.41 0.13 0.0 0.0 0.42 0.13
0.21 0.11 0.18 0.15 0.2 0.15 0.23 0.21 0.26 0.25 0.17 0.15 0.0 0.0 0.0 0.0 0.22 0.27 0.22 0.37 0.23 0.45 0.2 0.27 0.21 0.37 0.23 0.46 0.21 0.1 0.0 0.0 0.2 0.1 0.0 0.0 0.4 0.14 0.43 0.17 0.41 0.19 0.4 0.23 0.39 0.24 0.45 0.17 0.46 0.23 0.42 0.22 0.42 0.31 0.4 0.37 0.4 0.44 0.45 0.31 0.48 0.38 0.49 0.45 0.0 0.0 0.41 0.13 0.0 0.0 0.42 0.14
0.21 0.11 0.18 0.15 0.2 0.15 0.23 0.21 0.26 0.25 0.17 0.15 0.0 0.0 0.0 0.0 0.21 0.27 0.22 0.37 0.23 0.45 0.2 0.27 0.21 0.37 0.23 0.46 0.21 0.1 0.0 0.0 0.2 0.1 0.0 0.0 0.4 0.14 0.43 0.17 0.41 0.19 0.4 0.23 0.39 0.24 0.45 0.17 0.46 0.23 0.42 0.22 0.42 0.31 0.4 0.37 0.4 0.44 0.45 0.31 0.48 0.38 0.49 0.45 0.0 0.0 0.41 0.13 0.0 0.0 0.42 0.14
0.41 0.14 0.43 0.19 0.41 0.19 0.4 0.23 0.38 0.24 0.45 0.17 0.46 0.23 0.43 0.22 0.42 0.31 0.4 0.37 0.4 0.44 0.45 0.31 0.48 0.38 0.49 0.45 0.0 0.0 0.41 0.13 0.0 0.0 0.42 0.14 0.21 0.11 0.19 0.15 0.2 0.14 0.23 0.21 0.26 0.25 0.17 0.15 0.0 0.0 0.0 0.0 0.22 0.27 0.22 0.37 0.23 0.45 0.2 0.27 0.21 0.37 0.23 0.46 0.21 0.1 0.0 0.0 0.2 0.1 0.0 0.0
0.41 0.14 0.43 0.19 0.41 0.19 0.4 0.22 0.38 0.24 0.45 0.17 0.46 0.23 0.43 0.23 0.42 0.31 0.4 0.37 0.4 0.44 0.45 0.31 0.48 0.38 0.49 0.45 0.0 0.0 0.41 0.13 0.0 0.0 0.43 0.14 0.21 0.11 0.19 0.15 0.2 0.14 0.23 0.21 0.26 0.25 0.17 0.15 0.0 0.0 0.0 0.0 0.21 0.26 0.22 0.37 0.23 0.45 0.2 0.27 0.21 0.37 0.23 0.46 0.21 0.1 0.0 0.0 0.2 0.1 0.0 0.0
0.41 0.14 0.43 0.19 0.41 0.19 0.4 0.22 0.38 0.24 0.45 0.17 0.46 0.23 0.43 0.23 0.42 0.31 0.4 0.37 0.4 0.44 0.45 0.31 0.48 0.38 0.49 0.45 0.0 0.0 0.41 0.13 0.0 0.0 0.43 0.14 0.21 0.11 0.19 0.15 0.2 0.14 0.23 0.21 0.26 0.25 0.17 0.15 0.0 0.0 0.0 0.0 0.22 0.26 0.22 0.37 0.23 0.45 0.2 0.27 0.21 0.37 0.23 0.46 0.21 0.1 0.0 0.0 0.2 0.1 0.0 0.0
0.21 0.11 0.19 0.15 0.2 0.14 0.23 0.21 0.26 0.25 0.17 0.15 0.0 0.0 0.0 0.0 0.22 0.26 0.22 0.36 0.23 0.45 0.2 0.27 0.21 0.37 0.23 0.46 0.21 0.1 0.0 0.0 0.2 0.1 0.0 0.0 0.41 0.14 0.43 0.19 0.41 0.17 0.4 0.22 0.39 0.23 0.45 0.17 0.46 0.24 0.43 0.23 0.42 0.31 0.4 0.37 0.4 0.44 0.45 0.31 0.48 0.38 0.49 0.45 0.0 0.0 0.41 0.13 0.0 0.0 0.43 0.14
0.41 0.14 0.43 0.19 0.41 0.19 0.4 0.22 0.39 0.23 0.45 0.17 0.46 0.24 0.43 0.23 0.42 0.31 0.4 0.37 0.4 0.44 0.45 0.31 0.48 0.38 0.49 0.45 0.0 0.0 0.41 0.13 0.0 0.0 0.43 0.14 0.21 0.11 0.19 0.15 0.21 0.14 0.23 0.21 0.26 0.25 0.17 0.15 0.0 0.0 0.0 0.0 0.22 0.26 0.22 0.36 0.23 0.45 0.2 0.27 0.21 0.37 0.23 0.46 0.21 0.1 0.0 0.0 0.2 0.1 0.0 0.0
0.21 0.11 0.19 0.15 0.21 0.14 0.23 0.2 0.25 0.25 0.17 0.15 0.0 0.0 0.0 0.0 0.22 0.26 0.22 0.36 0.23 0.45 0.2 0.27 0.21 0.36 0.23 0.46 0.21 0.1 0.0 0.0 0.2 0.1 0.0 0.0 0.41 0.14 0.43 0.19 0.41 0.17 0.4 0.22 0.38 0.23 0.45 0.17 0.46 0.24 0.44 0.24 0.42 0.31 0.4 0.37 0.4 0.44 0.45 0.31 0.48 0.38 0.49 0.45 0.0 0.0 0.41 0.13 0.0 0.0 0.43 0.13
0.21 0.11 0.19 0.15 0.21 0.14 0.23 0.2 0.26 0.25 0.17 0.15 0.0 0.0 0.0 0.0 0.22 0.26 0.22 0.37 0.23 0.45 0.2 0.27 0.21 0.37 0.23 0.46 0.21 0.1 0.0 0.0 0.2 0.1 0.0 0.0 0.41 0.14 0.43 0.19 0.41 0.17 0.4 0.22 0.38 0.23 0.45 0.17 0.46 0.24 0.44 0.24 0.42 0.31 0.4 0.36 0.4 0.44 0.45 0.31 0.48 0.38 0.49 0.45 0.0 0.0 0.41 0.13 0.0 0.0 0.43 0.13
0.41 0.14 0.43 0.17 0.41 0.17 0.4 0.22 0.39 0.23 0.45 0.17 0.47 0.23 0.45 0.25 0.42 0.29 0.4 0.37 0.4 0.44 0.45 0.31 0.48 0.38 0.49 0.45 0.0 0.0 0.42 0.13 0.0 0.0 0.43 0.13 0.21 0.1 0.19 0.15 0.21 0.14 0.23 0.2 0.25 0.25 0.17 0.15 0.0 0.0 0.0 0.0 0.22 0.26 0.22 0.37 0.23 0.45 0.2 0.27 0.21 0.37 0.23 0.46 0.21 0.1 0.0 0.0 0.2 0.1 0.0 0.0
0.41 0.14 0.43 0.17 0.41 0.17 0.4 0.21 0.39 0.22 0.45 0.17 0.47 0.23 0.45 0.25 0.42 0.29 0.4 0.36 0.4 0.44 0.45 0.29 0.47 0.37 0.49 0.45 0.41 0.13 0.42 0.13 0.0 0.0 0.43 0.13 0.21 0.1 0.19 0.14 0.21 0.14 0.23 0.2 0.25 0.24 0.17 0.15 0.0 0.0 0.0 0.0 0.23 0.26 0.22 0.37 0.0 0.0 0.2 0.27 0.22 0.37 0.23 0.46 0.21 0.1 0.0 0.0 0.2 0.1 0.0 0.0
0.41 0.14 0.43 0.17 0.41 0.17 0.4 0.21 0.39 0.22 0.45 0.17 0.47 0.23 0.45 0.25 0.42 0.29 0.4 0.36 0.4 0.44 0.45 0.29 0.47 0.37 0.49 0.45 0.41 0.13 0.42 0.13 0.0 0.0 0.43 0.13 0.21 0.1 0.19 0.14 0.21 0.14 0.23 0.2 0.25 0.24 0.17 0.15 0.0 0.0 0.0 0.0 0.23 0.26 0.22 0.37 0.23 0.45 0.2 0.27 0.21 0.37 0.23 0.46 0.21 0.1 0.0 0.0 0.2 0.1 0.0 0.0
0.41 0.14 0.43 0.17 0.41 0.17 0.39 0.22 0.4 0.22 0.45 0.17 0.47 0.22 0.46 0.25 0.42 0.29 0.4 0.36 0.4 0.44 0.45 0.29 0.47 0.37 0.49 0.45 0.41 0.13 0.42 0.13 0.0 0.0 0.43 0.13 0.21 0.1 0.19 0.14 0.21 0.14 0.23 0.2 0.26 0.25 0.17 0.15 0.0 0.0 0.0 0.0 0.22 0.26 0.22 0.37 0.23 0.45 0.2 0.27 0.21 0.37 0.23 0.46 0.21 0.1 0.0 0.0 0.2 0.1 0.0 0.0
0.41 0.14 0.43 0.17 0.41 0.17 0.39 0.22 0.0 0.0 0.45 0.17 0.47 0.22 0.46 0.25 0.42 0.29 0.4 0.36 0.4 0.44 0.45 0.29 0.47 0.37 0.49 0.45 0.41 0.13 0.42 0.13 0.0 0.0 0.43 0.13 0.21 0.1 0.19 0.14 0.21 0.14 0.23 0.2 0.26 0.25 0.17 0.15 0.0 0.0 0.0 0.0 0.23 0.26 0.22 0.37 0.23 0.45 0.2 0.27 0.21 0.37 0.23 0.46 0.21 0.1 0.0 0.0 0.2 0.1 0.0 0.0
0.41 0.13 0.43 0.17 0.41 0.17 0.38 0.23 0.4 0.22 0.45 0.17 0.47 0.22 0.47 0.25 0.42 0.29 0.4 0.37 0.4 0.44 0.45 0.29 0.47 0.37 0.49 0.44 0.0 0.0 0.42 0.13 0.0 0.0 0.43 0.13 0.21 0.1 0.19 0.14 0.21 0.14 0.23 0.2 0.26 0.24 0.18 0.15 0.0 0.0 0.0 0.0 0.22 0.25 0.29 0.25 0.32 0.31 0.2 0.26 0.21 0.37 0.23 0.46 0.21 0.09 0.0 0.0 0.2 0.1 0.0 0.0
0.41 0.13 0.43 0.17 0.41 0.17 0.38 0.23 0.4 0.22 0.45 0.17 0.47 0.22 0.47 0.25 0.42 0.29 0.4 0.37 0.4 0.44 0.45 0.29 0.47 0.37 0.49 0.44 0.0 0.0 0.42 0.13 0.0 0.0 0.43 0.13 0.21 0.1 0.19 0.14 0.21 0.14 0.23 0.2 0.26 0.24 0.18 0.14 0.0 0.0 0.0 0.0 0.22 0.25 0.22 0.37 0.23 0.45 0.2 0.26 0.21 0.36 0.23 0.46 0.21 0.09 0.0 0.0 0.2 0.1 0.0 0.0
0.41 0.13 0.43 0.17 0.4 0.17 0.38 0.23 0.4 0.21 0.45 0.17 0.47 0.22 0.47 0.25 0.42 0.29 0.4 0.37 0.4 0.44 0.45 0.29 0.47 0.37 0.49 0.44 0.0 0.0 0.42 0.13 0.0 0.0 0.43 0.13 0.21 0.1 0.2 0.14 0.21 0.14 0.23 0.2 0.26 0.24 0.18 0.14 0.0 0.0 0.0 0.0 0.23 0.25 0.29 0.26 0.32 0.32 0.2 0.26 0.21 0.37 0.23 0.46 0.21 0.09 0.0 0.0 0.2 0.1 0.0 0.0
0.41 0.13 0.43 0.17 0.4 0.17 0.38 0.23 0.4 0.21 0.45 0.17 0.47 0.22 0.47 0.25 0.42 0.29 0.4 0.37 0.4 0.44 0.45 0.29 0.47 0.37 0.49 0.44 0.0 0.0 0.42 0.13 0.0 0.0 0.43 0.13 0.21 0.1 0.2 0.14 0.21 0.14 0.23 0.2 0.26 0.24 0.18 0.14 0.0 0.0 0.0 0.0 0.23 0.25 0.29 0.26 0.32 0.32 0.2 0.26 0.21 0.37 0.23 0.46 0.21 0.09 0.0 0.0 0.2 0.1 0.0 0.0
0.21 0.1 0.2 0.14 0.21 0.14 0.23 0.2 0.26 0.24 0.18 0.15 0.18 0.21 0.0 0.0 0.23 0.25 0.29 0.26 0.31 0.33 0.2 0.26 0.21 0.37 0.23 0.46 0.21 0.09 0.0 0.0 0.2 0.1 0.0 0.0 0.41 0.13 0.43 0.17 0.4 0.16 0.38 0.23 0.41 0.21 0.45 0.16 0.47 0.21 0.48 0.24 0.42 0.29 0.4 0.36 0.4 0.44 0.45 0.28 0.46 0.36 0.49 0.44 0.41 0.12 0.42 0.12 0.0 0.0 0.43 0.13
0.21 0.1 0.2 0.14 0.21 0.14 0.23 0.2 0.26 0.24 0.18 0.15 0.18 0.21 0.0 0.0 0.23 0.25 0.29 0.26 0.31 0.34 0.2 0.26 0.21 0.37 0.23 0.46 0.21 0.09 0.0 0.0 0.2 0.1 0.0 0.0 0.42 0.13 0.43 0.16 0.4 0.16 0.38 0.23 0.42 0.2 0.45 0.16 0.46 0.21 0.48 0.24 0.41 0.28 0.4 0.36 0.4 0.44 0.44 0.28 0.46 0.36 0.49 0.44 0.42 0.12 0.42 0.12 0.0 0.0 0.43 0.13
0.21 0.1 0.2 0.14 0.21 0.14 0.23 0.2 0.26 0.24 0.18 0.15 0.18 0.21 0.0 0.0 0.23 0.25 0.29 0.26 0.31 0.34 0.2 0.26 0.21 0.37 0.23 0.46 0.21 0.09 0.0 0.0 0.2 0.1 0.0 0.0 0.42 0.13 0.43 0.16 0.4 0.16 0.38 0.23 0.42 0.2 0.45 0.16 0.46 0.21 0.48 0.24 0.41 0.28 0.4 0.36 0.4 0.44 0.44 0.28 0.46 0.36 0.49 0.44 0.42 0.12 0.42 0.12 0.0 0.0 0.43 0.13
0.21 0.1 0.2 0.14 0.21 0.14 0.23 0.2 0.26 0.24 0.18 0.15 0.18 0.21 0.0 0.0 0.23 0.25 0.29 0.27 0.31 0.34 0.2 0.27 0.21 0.37 0.23 0.46 0.21 0.09 0.0 0.0 0.2 0.09 0.0 0.0 0.42 0.12 0.43 0.16 0.4 0.16 0.39 0.23 0.41 0.2 0.45 0.16 0.46 0.22 0.48 0.24 0.41 0.28 0.4 0.36 0.4 0.44 0.44 0.28 0.46 0.36 0.49 0.44 0.0 0.0 0.42 0.12 0.0 0.0 0.43 0.12
0.21 0.1 0.2 0.14 0.21 0.14 0.23 0.2 0.26 0.24 0.18 0.15 0.18 0.21 0.0 0.0 0.23 0.25 0.29 0.27 0.31 0.34 0.21 0.27 0.21 0.37 0.23 0.46 0.21 0.09 0.0 0.0 0.2 0.09 0.0 0.0 0.42 0.12 0.43 0.16 0.4 0.16 0.39 0.23 0.41 0.2 0.45 0.16 0.46 0.22 0.48 0.24 0.41 0.28 0.4 0.36 0.4 0.44 0.44 0.28 0.46 0.36 0.49 0.44 0.0 0.0 0.42 0.12 0.0 0.0 0.43 0.12
0.42 0.12 0.43 0.16 0.4 0.16 0.39 0.22 0.42 0.2 0.45 0.16 0.46 0.22 0.48 0.24 0.41 0.28 0.4 0.36 0.4 0.44 0.44 0.28 0.46 0.35 0.49 0.44 0.42 0.11 0.42 0.11 0.0 0.0 0.43 0.12 0.21 0.1 0.2 0.14 0.21 0.13 0.23 0.2 0.26 0.24 0.18 0.15 0.18 0.21 0.0 0.0 0.23 0.25 0.29 0.27 0.31 0.35 0.21 0.27 0.21 0.36 0.23 0.46 0.21 0.09 0.0 0.0 0.2 0.09 0.0 0.0
