0.32 0.13 0.34 0.19 0.31 0.17 0.29 0.22 0.27 0.28 0.36 0.2 0.37 0.28 0.35 0.24 0.29 0.31 0.0 0.0 0.0 0.0 0.32 0.34 0.0 0.0 0.0 0.0 0.32 0.12 0.32 0.12 0.0 0.0 0.34 0.13 0.07 0.15 0.05 0.21 0.02 0.21 0.03 0.28 0.07 0.25 0.07 0.21 0.09 0.28 0.09 0.31 0.01 0.36 0.0 0.0 0.0 0.0 0.0 0.0 0.0 0.0 0.0 0.0 0.07 0.14 0.0 0.0 0.06 0.14 0.0 0.0
0.32 0.13 0.34 0.19 0.31 0.17 0.28 0.24 0.27 0.29 0.36 0.2 0.37 0.28 0.35 0.24 0.28 0.32 0.0 0.0 0.0 0.0 0.32 0.35 0.0 0.0 0.0 0.0 0.32 0.12 0.32 0.12 0.0 0.0 0.34 0.13 0.07 0.15 0.05 0.21 0.02 0.2 0.04 0.28 0.07 0.25 0.07 0.21 0.09 0.28 0.09 0.31 0.01 0.36 0.0 0.0 0.0 0.0 0.04 0.37 0.0 0.0 0.0 0.0 0.07 0.14 0.0 0.0 0.06 0.14 0.0 0.0
0.32 0.13 0.33 0.19 0.31 0.17 0.28 0.22 0.27 0.28 0.36 0.2 0.37 0.28 0.35 0.24 0.29 0.32 0.0 0.0 0.0 0.0 0.32 0.34 0.0 0.0 0.0 0.0 0.32 0.12 0.32 0.12 0.0 0.0 0.34 0.13 0.07 0.14 0.05 0.21 0.02 0.2 0.04 0.28 0.07 0.24 0.07 0.21 0.09 0.28 0.09 0.32 0.02 0.37 0.0 0.0 0.0 0.0 0.06 0.38 0.0 0.0 0.0 0.0 0.07 0.13 0.0 0.0 0.06 0.14 0.0 0.0
0.31 0.13 0.33 0.19 0.31 0.17 0.28 0.23 0.27 0.29 0.36 0.2 0.37 0.28 0.35 0.24 0.28 0.32 0.0 0.0 0.0 0.0 0.32 0.34 0.0 0.0 0.0 0.0 0.32 0.12 0.32 0.12 0.0 0.0 0.34 0.13 0.07 0.14 0.05 0.2 0.02 0.21 0.04 0.28 0.07 0.24 0.07 0.2 0.09 0.28 0.09 0.32 0.02 0.37 0.0 0.0 0.0 0.0 0.05 0.38 0.0 0.0 0.0 0.0 0.07 0.13 0.0 0.0 0.06 0.14 0.0 0.0
0.31 0.13 0.33 0.19 0.31 0.17 0.28 0.22 0.27 0.29 0.35 0.2 0.37 0.28 0.35 0.24 0.28 0.32 0.0 0.0 0.0 0.0 0.32 0.34 0.0 0.0 0.0 0.0 0.32 0.12 0.32 0.12 0.0 0.0 0.34 0.13 0.07 0.14 0.05 0.2 0.02 0.21 0.04 0.28 0.07 0.23 0.07 0.2 0.08 0.27 0.09 0.32 0.02 0.36 0.0 0.0 0.0 0.0 0.06 0.37 0.0 0.0 0.0 0.0 0.07 0.13 0.0 0.0 0.06 0.13 0.0 0.0
0.31 0.13 0.33 0.19 0.3 0.17 0.28 0.24 0.27 0.29 0.35 0.2 0.37 0.28 0.35 0.24 0.28 0.33 0.0 0.0 0.0 0.0 0.32 0.35 0.0 0.0 0.0 0.0 0.31 0.12 0.32 0.12 0.0 0.0 0.34 0.13 0.07 0.14 0.05 0.21 0.02 0.21 0.05 0.28 0.07 0.23 0.07 0.2 0.08 0.28 0.09 0.32 0.02 0.36 0.0 0.0 0.0 0.0 0.06 0.37 0.0 0.0 0.0 0.0 0.07 0.13 0.0 0.0 0.06 0.13 0.0 0.0
0.31 0.13 0.32 0.19 0.3 0.17 0.27 0.23 0.27 0.29 0.35 0.2 0.37 0.28 0.35 0.24 0.28 0.33 0.0 0.0 0.0 0.0 0.32 0.35 0.0 0.0 0.0 0.0 0.31 0.12 0.32 0.12 0.0 0.0 0.34 0.13 0.07 0.13 0.05 0.2 0.02 0.21 0.06 0.27 0.08 0.22 0.07 0.2 0.08 0.28 0.09 0.33 0.02 0.37 0.0 0.0 0.0 0.0 0.07 0.37 0.09 0.47 0.0 0.0 0.07 0.12 0.0 0.0 0.06 0.13 0.0 0.0
0.31 0.13 0.32 0.19 0.3 0.17 0.27 0.23 0.27 0.29 0.35 0.2 0.37 0.28 0.34 0.24 0.28 0.33 0.0 0.0 0.0 0.0 0.32 0.35 0.0 0.0 0.0 0.0 0.31 0.12 0.31 0.12 0.0 0.0 0.34 0.14 0.07 0.13 0.05 0.2 0.03 0.2 0.06 0.27 0.08 0.21 0.07 0.2 0.08 0.28 0.09 0.33 0.03 0.36 0.0 0.0 0.0 0.0 0.07 0.37 0.0 0.0 0.0 0.0 0.07 0.12 0.0 0.0 0.06 0.13 0.0 0.0
0.07 0.13 0.05 0.2 0.03 0.2 0.06 0.26 0.08 0.21 0.07 0.19 0.08 0.28 0.09 0.33 0.03 0.36 0.0 0.0 0.0 0.0 0.07 0.36 0.0 0.0 0.0 0.0 0.07 0.12 0.0 0.0 0.06 0.13 0.0 0.0 0.31 0.13 0.32 0.19 0.3 0.17 0.27 0.23 0.27 0.29 0.35 0.2 0.37 0.28 0.34 0.24 0.28 0.33 0.0 0.0 0.0 0.0 0.32 0.35 0.0 0.0 0.0 0.0 0.31 0.12 0.31 0.12 0.0 0.0 0.33 0.14
0.31 0.13 0.32 0.19 0.29 0.17 0.27 0.23 0.26 0.31 0.35 0.2 0.37 0.28 0.34 0.24 0.28 0.33 0.0 0.0 0.0 0.0 0.32 0.35 0.0 0.0 0.0 0.0 0.31 0.12 0.31 0.13 0.0 0.0 0.33 0.14 0.07 0.13 0.05 0.19 0.03 0.2 0.07 0.26 0.08 0.2 0.07 0.19 0.08 0.28 0.09 0.33 0.03 0.34 0.0 0.0 0.0 0.0 0.07 0.35 0.0 0.0 0.0 0.0 0.07 0.12 0.0 0.0 0.06 0.12 0.0 0.0
0.31 0.13 0.32 0.19 0.29 0.19 0.27 0.23 0.26 0.31 0.35 0.2 0.36 0.28 0.34 0.24 0.27 0.34 0.26 0.45 0.0 0.0 0.32 0.35 0.0 0.0 0.0 0.0 0.0 0.0 0.31 0.13 0.0 0.0 0.33 0.14 0.08 0.12 0.05 0.19 0.04 0.19 0.07 0.25 0.08 0.19 0.07 0.19 0.08 0.28 0.09 0.33 0.04 0.36 0.0 0.0 0.0 0.0 0.07 0.36 0.0 0.0 0.0 0.0 0.07 0.12 0.0 0.0 0.06 0.12 0.0 0.0
0.3 0.13 0.32 0.19 0.29 0.19 0.27 0.23 0.26 0.32 0.34 0.2 0.36 0.28 0.34 0.24 0.27 0.33 0.0 0.0 0.0 0.0 0.32 0.35 0.0 0.0 0.0 0.0 0.0 0.0 0.31 0.13 0.0 0.0 0.32 0.14 0.08 0.12 0.06 0.19 0.04 0.19 0.07 0.24 0.09 0.19 0.07 0.17 0.0 0.0 0.0 0.0 0.04 0.35 0.0 0.0 0.0 0.0 0.07 0.36 0.0 0.0 0.0 0.0 0.07 0.11 0.0 0.0 0.06 0.12 0.0 0.0
0.3 0.13 0.32 0.19 0.29 0.19 0.27 0.24 0.26 0.33 0.34 0.2 0.36 0.28 0.34 0.24 0.27 0.34 0.26 0.45 0.0 0.0 0.31 0.35 0.33 0.45 0.0 0.0 0.0 0.0 0.31 0.13 0.0 0.0 0.32 0.14 0.08 0.12 0.06 0.17 0.04 0.19 0.08 0.24 0.09 0.17 0.07 0.17 0.0 0.0 0.0 0.0 0.04 0.35 0.0 0.0 0.0 0.0 0.07 0.35 0.0 0.0 0.0 0.0 0.07 0.11 0.0 0.0 0.06 0.12 0.0 0.0
0.3 0.14 0.32 0.2 0.29 0.19 0.27 0.23 0.25 0.33 0.34 0.2 0.36 0.28 0.34 0.24 0.27 0.34 0.0 0.0 0.0 0.0 0.32 0.35 0.0 0.0 0.0 0.0 0.3 0.13 0.31 0.13 0.0 0.0 0.32 0.14 0.08 0.11 0.06 0.17 0.04 0.17 0.08 0.24 0.09 0.17 0.07 0.17 0.0 0.0 0.0 0.0 0.04 0.35 0.0 0.0 0.0 0.0 0.0 0.0 0.0 0.0 0.0 0.0 0.07 0.11 0.0 0.0 0.06 0.11 0.0 0.0
0.3 0.14 0.31 0.2 0.29 0.19 0.27 0.23 0.25 0.34 0.34 0.2 0.36 0.28 0.34 0.24 0.27 0.35 0.0 0.0 0.0 0.0 0.31 0.36 0.0 0.0 0.0 0.0 0.3 0.13 0.31 0.13 0.0 0.0 0.32 0.14 0.08 0.11 0.06 0.17 0.04 0.17 0.09 0.23 0.09 0.17 0.07 0.17 0.0 0.0 0.0 0.0 0.05 0.34 0.0 0.0 0.0 0.0 0.08 0.34 0.0 0.0 0.0 0.0 0.07 0.1 0.0 0.0 0.06 0.11 0.0 0.0
0.3 0.14 0.31 0.2 0.29 0.19 0.27 0.23 0.25 0.34 0.34 0.2 0.35 0.28 0.34 0.24 0.27 0.35 0.26 0.47 0.0 0.0 0.31 0.36 0.33 0.45 0.0 0.0 0.3 0.13 0.31 0.13 0.0 0.0 0.32 0.14 0.08 0.11 0.06 0.16 0.05 0.17 0.09 0.23 0.1 0.17 0.06 0.16 0.0 0.0 0.0 0.0 0.0 0.0 0.0 0.0 0.0 0.0 0.0 0.0 0.0 0.0 0.0 0.0 0.07 0.1 0.0 0.0 0.06 0.11 0.0 0.0
0.29 0.13 0.31 0.2 0.28 0.19 0.26 0.24 0.25 0.33 0.34 0.2 0.35 0.28 0.34 0.24 0.27 0.35 0.26 0.49 0.0 0.0 0.31 0.37 0.33 0.46 0.0 0.0 0.0 0.0 0.3 0.13 0.0 0.0 0.32 0.14 0.08 0.11 0.05 0.16 0.05 0.16 0.09 0.22 0.1 0.16 0.06 0.15 0.0 0.0 0.0 0.0 0.0 0.0 0.0 0.0 0.0 0.0 0.0 0.0 0.0 0.0 0.0 0.0 0.07 0.1 0.0 0.0 0.06 0.1 0.0 0.0
0.29 0.13 0.31 0.19 0.28 0.19 0.26 0.24 0.25 0.33 0.34 0.2 0.35 0.28 0.34 0.24 0.27 0.35 0.25 0.49 0.0 0.0 0.31 0.37 0.34 0.47 0.0 0.0 0.29 0.12 0.3 0.13 0.0 0.0 0.32 0.14 0.08 0.1 0.06 0.16 0.05 0.16 0.09 0.22 0.11 0.16 0.0 0.0 0.0 0.0 0.0 0.0 0.0 0.0 0.0 0.0 0.0 0.0 0.0 0.0 0.0 0.0 0.0 0.0 0.07 0.1 0.0 0.0 0.06 0.1 0.0 0.0
0.29 0.13 0.31 0.19 0.28 0.19 0.26 0.25 0.25 0.33 0.34 0.2 0.35 0.28 0.33 0.24 0.27 0.35 0.26 0.47 0.0 0.0 0.31 0.36 0.33 0.46 0.0 0.0 0.29 0.12 0.3 0.13 0.0 0.0 0.32 0.14 0.08 0.1 0.06 0.15 0.06 0.16 0.1 0.22 0.12 0.16 0.0 0.0 0.0 0.0 0.0 0.0 0.0 0.0 0.0 0.0 0.0 0.0 0.0 0.0 0.0 0.0 0.0 0.0 0.07 0.09 0.0 0.0 0.06 0.1 0.0 0.0
0.29 0.13 0.31 0.19 0.28 0.19 0.26 0.25 0.25 0.33 0.34 0.2 0.35 0.28 0.33 0.24 0.27 0.35 0.26 0.47 0.0 0.0 0.31 0.36 0.33 0.46 0.0 0.0 0.29 0.12 0.3 0.13 0.0 0.0 0.32 0.14 0.08 0.1 0.06 0.15 0.06 0.15 0.1 0.21 0.12 0.16 0.0 0.0 0.0 0.0 0.0 0.0 0.0 0.0 0.0 0.0 0.0 0.0 0.0 0.0 0.0 0.0 0.0 0.0 0.07 0.09 0.0 0.0 0.06 0.1 0.0 0.0
0.29 0.13 0.31 0.19 0.28 0.19 0.26 0.25 0.25 0.33 0.34 0.2 0.35 0.28 0.33 0.24 0.27 0.35 0.26 0.46 0.0 0.0 0.31 0.36 0.33 0.46 0.0 0.0 0.29 0.12 0.3 0.13 0.0 0.0 0.32 0.14 0.08 0.1 0.06 0.15 0.06 0.15 0.1 0.21 0.13 0.17 0.05 0.15 0.0 0.0 0.0 0.0 0.0 0.0 0.0 0.0 0.0 0.0 0.0 0.0 0.0 0.0 0.0 0.0 0.07 0.09 0.0 0.0 0.06 0.1 0.0 0.0
0.29 0.13 0.31 0.19 0.27 0.19 0.26 0.25 0.25 0.33 0.34 0.2 0.35 0.28 0.33 0.23 0.27 0.34 0.26 0.45 0.0 0.0 0.31 0.36 0.34 0.47 0.0 0.0 0.29 0.12 0.29 0.12 0.0 0.0 0.31 0.14 0.08 0.1 0.06 0.15 0.06 0.15 0.1 0.21 0.13 0.19 0.04 0.15 0.0 0.0 0.0 0.0 0.08 0.31 0.0 0.0 0.0 0.0 0.06 0.32 0.0 0.0 0.0 0.0 0.07 0.09 0.0 0.0 0.06 0.1 0.0 0.0
0.29 0.13 0.31 0.19 0.27 0.19 0.26 0.25 0.25 0.33 0.33 0.2 0.35 0.28 0.33 0.24 0.27 0.35 0.26 0.45 0.0 0.0 0.31 0.36 0.34 0.47 0.0 0.0 0.29 0.12 0.29 0.12 0.0 0.0 0.31 0.13 0.08 0.1 0.06 0.15 0.06 0.14 0.1 0.21 0.14 0.19 0.04 0.15 0.0 0.0 0.0 0.0 0.08 0.31 0.11 0.42 0.0 0.0 0.06 0.31 0.0 0.0 0.0 0.0 0.07 0.09 0.0 0.0 0.06 0.09 0.0 0.0
0.29 0.13 0.31 0.19 0.27 0.19 0.26 0.25 0.25 0.33 0.33 0.19 0.35 0.28 0.33 0.23 0.27 0.34 0.26 0.45 0.0 0.0 0.31 0.35 0.33 0.45 0.0 0.0 0.29 0.12 0.29 0.12 0.0 0.0 0.31 0.13 0.08 0.1 0.06 0.14 0.06 0.14 0.1 0.2 0.14 0.2 0.04 0.15 0.0 0.0 0.0 0.0 0.08 0.31 0.12 0.41 0.0 0.0 0.06 0.31 0.0 0.0 0.0 0.0 0.07 0.09 0.0 0.0 0.06 0.09 0.0 0.0
0.29 0.13 0.31 0.19 0.27 0.19 0.26 0.25 0.25 0.33 0.33 0.19 0.35 0.28 0.32 0.23 0.27 0.34 0.26 0.46 0.0 0.0 0.31 0.35 0.33 0.45 0.0 0.0 0.29 0.12 0.29 0.12 0.0 0.0 0.31 0.13 0.08 0.1 0.05 0.14 0.07 0.14 0.1 0.2 0.15 0.21 0.04 0.15 0.0 0.0 0.0 0.0 0.08 0.31 0.13 0.41 0.0 0.0 0.0 0.0 0.0 0.0 0.0 0.0 0.08 0.09 0.0 0.0 0.06 0.09 0.0 0.0
0.29 0.13 0.31 0.19 0.27 0.17 0.26 0.25 0.25 0.33 0.33 0.19 0.35 0.27 0.32 0.23 0.27 0.34 0.26 0.45 0.0 0.0 0.31 0.35 0.33 0.44 0.0 0.0 0.29 0.12 0.29 0.12 0.0 0.0 0.31 0.13 0.08 0.1 0.05 0.15 0.07 0.14 0.1 0.2 0.15 0.21 0.04 0.15 0.0 0.0 0.0 0.0 0.09 0.29 0.0 0.0 0.0 0.0 0.0 0.0 0.0 0.0 0.0 0.0 0.08 0.09 0.0 0.0 0.06 0.09 0.0 0.0
0.29 0.13 0.31 0.19 0.27 0.17 0.26 0.24 0.25 0.33 0.33 0.19 0.34 0.27 0.32 0.23 0.27 0.34 0.26 0.44 0.0 0.0 0.31 0.34 0.33 0.44 0.0 0.0 0.29 0.12 0.29 0.12 0.0 0.0 0.31 0.13 0.08 0.1 0.05 0.15 0.07 0.14 0.1 0.2 0.15 0.22 0.03 0.16 0.0 0.0 0.0 0.0 0.09 0.29 0.15 0.38 0.08 0.42 0.06 0.31 0.0 0.0 0.0 0.0 0.08 0.09 0.0 0.0 0.06 0.09 0.0 0.0
0.08 0.1 0.06 0.15 0.07 0.14 0.11 0.2 0.15 0.23 0.03 0.16 0.0 0.0 0.0 0.0 0.09 0.29 0.15 0.38 0.09 0.41 0.06 0.31 0.0 0.0 0.0 0.0 0.08 0.09 0.0 0.0 0.06 0.09 0.0 0.0 0.29 0.13 0.31 0.17 0.27 0.17 0.26 0.24 0.25 0.32 0.33 0.19 0.34 0.27 0.32 0.23 0.27 0.33 0.26 0.45 0.0 0.0 0.31 0.34 0.33 0.44 0.0 0.0 0.29 0.12 0.29 0.12 0.0 0.0 0.31 0.13
0.29 0.12 0.31 0.17 0.27 0.17 0.26 0.24 0.25 0.32 0.33 0.19 0.35 0.27 0.32 0.23 0.28 0.33 0.0 0.0 0.0 0.0 0.31 0.33 0.32 0.41 0.0 0.0 0.0 0.0 0.29 0.12 0.0 0.0 0.31 0.13 0.08 0.1 0.06 0.15 0.07 0.14 0.11 0.2 0.15 0.23 0.03 0.16 0.0 0.0 0.0 0.0 0.09 0.29 0.16 0.37 0.09 0.41 0.06 0.31 0.0 0.0 0.0 0.0 0.08 0.09 0.0 0.0 0.06 0.09 0.0 0.0
0.29 0.12 0.31 0.17 0.27 0.17 0.26 0.24 0.25 0.33 0.33 0.19 0.34 0.27 0.32 0.23 0.27 0.33 0.26 0.44 0.0 0.0 0.31 0.33 0.33 0.42 0.0 0.0 0.0 0.0 0.29 0.12 0.0 0.0 0.31 0.13 0.08 0.1 0.06 0.15 0.07 0.14 0.12 0.2 0.15 0.24 0.03 0.16 0.0 0.0 0.0 0.0 0.09 0.28 0.17 0.36 0.1 0.4 0.06 0.31 0.0 0.0 0.0 0.0 0.08 0.09 0.0 0.0 0.06 0.09 0.0 0.0
0.28 0.12 0.3 0.17 0.27 0.17 0.26 0.23 0.25 0.32 0.33 0.17 0.34 0.26 0.32 0.23 0.27 0.33 0.26 0.44 0.0 0.0 0.31 0.34 0.33 0.44 0.0 0.0 0.0 0.0 0.29 0.12 0.0 0.0 0.31 0.13 0.08 0.1 0.06 0.14 0.07 0.14 0.12 0.2 0.15 0.24 0.03 0.15 0.0 0.0 0.0 0.0 0.09 0.28 0.17 0.35 0.1 0.39 0.06 0.29 0.0 0.0 0.0 0.0 0.08 0.09 0.0 0.0 0.06 0.09 0.0 0.0
0.28 0.12 0.3 0.17 0.27 0.17 0.26 0.23 0.25 0.32 0.33 0.17 0.34 0.26 0.32 0.22 0.27 0.34 0.26 0.45 0.0 0.0 0.31 0.34 0.33 0.45 0.0 0.0 0.29 0.11 0.29 0.12 0.0 0.0 0.31 0.12 0.08 0.1 0.06 0.15 0.08 0.14 0.12 0.2 0.15 0.25 0.04 0.15 0.0 0.0 0.0 0.0 0.09 0.29 0.18 0.34 0.13 0.38 0.06 0.31 0.0 0.0 0.0 0.0 0.08 0.09 0.0 0.0 0.06 0.1 0.0 0.0
0.28 0.12 0.3 0.17 0.27 0.17 0.26 0.23 0.25 0.32 0.33 0.17 0.34 0.26 0.32 0.22 0.27 0.34 0.0 0.0 0.0 0.0 0.31 0.34 0.34 0.45 0.0 0.0 0.28 0.11 0.29 0.12 0.0 0.0 0.31 0.12 0.08 0.1 0.06 0.15 0.08 0.14 0.12 0.2 0.15 0.25 0.03 0.16 0.0 0.0 0.0 0.0 0.09 0.29 0.0 0.0 0.0 0.0 0.06 0.31 0.0 0.0 0.0 0.0 0.08 0.09 0.0 0.0 0.06 0.1 0.0 0.0
0.28 0.12 0.3 0.17 0.27 0.17 0.26 0.23 0.25 0.32 0.32 0.17 0.34 0.26 0.32 0.22 0.27 0.34 0.0 0.0 0.0 0.0 0.31 0.34 0.33 0.44 0.0 0.0 0.28 0.11 0.29 0.12 0.0 0.0 0.31 0.12 0.09 0.1 0.06 0.15 0.08 0.14 0.12 0.21 0.15 0.25 0.03 0.16 0.0 0.0 0.0 0.0 0.1 0.29 0.0 0.0 0.0 0.0 0.06 0.32 0.0 0.0 0.0 0.0 0.08 0.09 0.0 0.0 0.06 0.1 0.0 0.0
0.28 0.12 0.3 0.17 0.27 0.17 0.26 0.23 0.25 0.31 0.32 0.17 0.34 0.26 0.32 0.22 0.28 0.34 0.0 0.0 0.0 0.0 0.32 0.34 0.33 0.44 0.0 0.0 0.28 0.11 0.29 0.11 0.0 0.0 0.31 0.12 0.09 0.1 0.06 0.15 0.08 0.14 0.12 0.21 0.15 0.25 0.03 0.16 0.0 0.0 0.0 0.0 0.1 0.29 0.0 0.0 0.0 0.0 0.06 0.31 0.0 0.0 0.0 0.0 0.08 0.09 0.0 0.0 0.06 0.1 0.0 0.0
0.28 0.12 0.3 0.17 0.27 0.17 0.26 0.24 0.25 0.32 0.32 0.17 0.34 0.26 0.32 0.22 0.28 0.34 0.0 0.0 0.0 0.0 0.32 0.34 0.33 0.44 0.0 0.0 0.28 0.11 0.29 0.11 0.0 0.0 0.31 0.12 0.09 0.1 0.06 0.15 0.08 0.14 0.12 0.21 0.15 0.25 0.03 0.16 0.0 0.0 0.0 0.0 0.1 0.29 0.0 0.0 0.0 0.0 0.07 0.32 0.0 0.0 0.0 0.0 0.08 0.1 0.0 0.0 0.06 0.1 0.0 0.0
0.28 0.12 0.3 0.17 0.27 0.17 0.26 0.24 0.25 0.32 0.32 0.17 0.34 0.26 0.32 0.22 0.28 0.34 0.0 0.0 0.0 0.0 0.32 0.33 0.33 0.42 0.0 0.0 0.28 0.11 0.29 0.11 0.0 0.0 0.31 0.12 0.09 0.11 0.06 0.15 0.08 0.14 0.12 0.21 0.15 0.25 0.03 0.17 0.0 0.0 0.0 0.0 0.11 0.31 0.0 0.0 0.0 0.0 0.07 0.33 0.0 0.0 0.0 0.0 0.08 0.1 0.0 0.0 0.07 0.1 0.0 0.0
0.28 0.12 0.3 0.17 0.27 0.17 0.26 0.24 0.25 0.32 0.32 0.17 0.34 0.26 0.32 0.22 0.27 0.34 0.27 0.45 0.0 0.0 0.32 0.34 0.34 0.44 0.0 0.0 0.28 0.11 0.29 0.11 0.0 0.0 0.31 0.12 0.09 0.11 0.06 0.15 0.08 0.14 0.12 0.2 0.15 0.25 0.03 0.17 0.0 0.0 0.0 0.0 0.11 0.29 0.2 0.27 0.0 0.0 0.07 0.33 0.0 0.0 0.0 0.0 0.08 0.1 0.0 0.0 0.07 0.1 0.0 0.0
0.28 0.12 0.3 0.17 0.27 0.17 0.26 0.24 0.25 0.31 0.32 0.17 0.34 0.26 0.32 0.22 0.27 0.34 0.27 0.46 0.0 0.0 0.31 0.34 0.34 0.45 0.0 0.0 0.28 0.11 0.29 0.11 0.0 0.0 0.31 0.12 0.09 0.11 0.06 0.16 0.08 0.14 0.12 0.2 0.15 0.25 0.04 0.17 0.0 0.0 0.0 0.0 0.11 0.29 0.0 0.0 0.0 0.0 0.08 0.33 0.0 0.0 0.0 0.0 0.08 0.1 0.0 0.0 0.07 0.1 0.0 0.0
0.28 0.12 0.3 0.17 0.27 0.17 0.26 0.24 0.25 0.29 0.32 0.17 0.34 0.26 0.32 0.22 0.27 0.34 0.27 0.46 0.0 0.0 0.31 0.34 0.34 0.45 0.0 0.0 0.28 0.11 0.29 0.11 0.0 0.0 0.31 0.12 0.09 0.11 0.06 0.16 0.08 0.14 0.12 0.2 0.15 0.25 0.04 0.17 0.0 0.0 0.0 0.0 0.11 0.31 0.0 0.0 0.0 0.0 0.08 0.33 0.0 0.0 0.0 0.0 0.08 0.1 0.0 0.0 0.07 0.1 0.0 0.0
0.28 0.12 0.3 0.17 0.27 0.17 0.26 0.25 0.26 0.29 0.32 0.17 0.34 0.26 0.32 0.22 0.27 0.34 0.27 0.47 0.0 0.0 0.31 0.34 0.34 0.45 0.0 0.0 0.28 0.11 0.29 0.11 0.0 0.0 0.31 0.12 0.09 0.11 0.06 0.16 0.08 0.14 0.12 0.2 0.15 0.25 0.04 0.17 0.0 0.0 0.0 0.0 0.11 0.31 0.0 0.0 0.0 0.0 0.08 0.33 0.0 0.0 0.0 0.0 0.08 0.1 0.0 0.0 0.07 0.11 0.0 0.0
0.28 0.12 0.3 0.17 0.27 0.17 0.25 0.25 0.27 0.27 0.32 0.17 0.34 0.26 0.32 0.22 0.27 0.34 0.27 0.46 0.0 0.0 0.31 0.34 0.34 0.45 0.0 0.0 0.28 0.11 0.29 0.12 0.0 0.0 0.31 0.12 0.09 0.12 0.06 0.16 0.08 0.15 0.12 0.2 0.15 0.25 0.04 0.19 0.0 0.0 0.0 0.0 0.11 0.31 0.0 0.0 0.0 0.0 0.09 0.33 0.0 0.0 0.0 0.0 0.08 0.11 0.0 0.0 0.07 0.11 0.0 0.0
0.28 0.12 0.3 0.17 0.27 0.17 0.25 0.25 0.28 0.26 0.32 0.17 0.34 0.26 0.31 0.22 0.27 0.34 0.27 0.47 0.0 0.0 0.32 0.34 0.34 0.45 0.0 0.0 0.28 0.11 0.29 0.12 0.0 0.0 0.31 0.12 0.09 0.12 0.06 0.16 0.08 0.15 0.12 0.2 0.15 0.25 0.04 0.19 0.0 0.0 0.0 0.0 0.12 0.31 0.0 0.0 0.0 0.0 0.09 0.33 0.0 0.0 0.0 0.0 0.08 0.11 0.0 0.0 0.07 0.11 0.0 0.0
0.28 0.12 0.3 0.17 0.27 0.17 0.25 0.25 0.28 0.26 0.32 0.17 0.34 0.26 0.31 0.22 0.27 0.34 0.27 0.46 0.0 0.0 0.32 0.34 0.34 0.45 0.0 0.0 0.28 0.11 0.28 0.12 0.0 0.0 0.31 0.12 0.09 0.12 0.06 0.16 0.09 0.15 0.12 0.2 0.15 0.25 0.04 0.19 0.0 0.0 0.0 0.0 0.12 0.31 0.0 0.0 0.0 0.0 0.09 0.33 0.0 0.0 0.0 0.0 0.08 0.11 0.0 0.0 0.07 0.11 0.0 0.0
0.27 0.12 0.3 0.17 0.27 0.17 0.25 0.25 0.28 0.26 0.32 0.17 0.34 0.26 0.31 0.22 0.27 0.34 0.27 0.47 0.0 0.0 0.32 0.34 0.34 0.45 0.0 0.0 0.0 0.0 0.28 0.12 0.0 0.0 0.31 0.12 0.09 0.12 0.06 0.16 0.09 0.15 0.12 0.2 0.15 0.25 0.04 0.19 0.0 0.0 0.0 0.0 0.12 0.31 0.0 0.0 0.0 0.0 0.09 0.33 0.1 0.45 0.0 0.0 0.09 0.11 0.0 0.0 0.07 0.11 0.0 0.0
0.27 0.12 0.3 0.17 0.27 0.17 0.25 0.25 0.28 0.27 0.32 0.17 0.34 0.25 0.31 0.22 0.27 0.34 0.27 0.46 0.0 0.0 0.32 0.34 0.34 0.46 0.0 0.0 0.27 0.11 0.28 0.12 0.0 0.0 0.31 0.12 0.09 0.12 0.06 0.16 0.08 0.15 0.12 0.2 0.15 0.25 0.04 0.19 0.0 0.0 0.0 0.0 0.12 0.31 0.0 0.0 0.0 0.0 0.09 0.33 0.0 0.0 0.0 0.0 0.09 0.11 0.0 0.0 0.07 0.11 0.0 0.0
0.27 0.13 0.3 0.17 0.27 0.17 0.25 0.25 0.28 0.27 0.32 0.16 0.34 0.26 0.31 0.22 0.27 0.34 0.27 0.46 0.0 0.0 0.32 0.34 0.34 0.46 0.0 0.0 0.27 0.12 0.28 0.12 0.0 0.0 0.31 0.12 0.09 0.12 0.06 0.17 0.09 0.15 0.12 0.2 0.15 0.25 0.04 0.19 0.0 0.0 0.0 0.0 0.12 0.31 0.0 0.0 0.0 0.0 0.09 0.33 0.0 0.0 0.0 0.0 0.09 0.11 0.0 0.0 0.07 0.12 0.0 0.0
0.09 0.12 0.06 0.17 0.09 0.15 0.12 0.2 0.15 0.25 0.04 0.19 0.0 0.0 0.0 0.0 0.12 0.31 0.0 0.0 0.0 0.0 0.09 0.33 0.0 0.0 0.0 0.0 0.09 0.12 0.0 0.0 0.07 0.12 0.0 0.0 0.27 0.13 0.3 0.16 0.27 0.17 0.26 0.25 0.27 0.27 0.32 0.16 0.34 0.26 0.31 0.22 0.27 0.34 0.27 0.47 0.0 0.0 0.32 0.34 0.34 0.45 0.0 0.0 0.27 0.12 0.28 0.12 0.0 0.0 0.31 0.12
0.27 0.13 0.3 0.17 0.27 0.17 0.26 0.25 0.27 0.27 0.32 0.16 0.34 0.25 0.31 0.22 0.27 0.34 0.27 0.47 0.0 0.0 0.32 0.34 0.34 0.45 0.0 0.0 0.27 0.12 0.28 0.12 0.0 0.0 0.31 0.12 0.09 0.12 0.06 0.17 0.09 0.15 0.12 0.2 0.15 0.25 0.04 0.2 0.0 0.0 0.0 0.0 0.12 0.29 0.0 0.0 0.0 0.0 0.09 0.33 0.0 0.0 0.0 0.0 0.09 0.12 0.0 0.0 0.07 0.12 0.0 0.0
0.27 0.13 0.3 0.17 0.27 0.17 0.26 0.25 0.27 0.28 0.32 0.16 0.34 0.25 0.31 0.22 0.27 0.34 0.27 0.47 0.0 0.0 0.32 0.34 0.34 0.45 0.0 0.0 0.27 0.12 0.28 0.12 0.0 0.0 0.31 0.12 0.09 0.12 0.07 0.17 0.09 0.15 0.12 0.2 0.15 0.25 0.04 0.2 0.0 0.0 0.0 0.0 0.12 0.31 0.0 0.0 0.0 0.0 0.1 0.33 0.0 0.0 0.0 0.0 0.09 0.12 0.0 0.0 0.07 0.12 0.0 0.0
0.27 0.13 0.3 0.17 0.27 0.17 0.26 0.24 0.27 0.28 0.32 0.17 0.34 0.26 0.31 0.22 0.27 0.34 0.27 0.46 0.0 0.0 0.32 0.34 0.34 0.45 0.0 0.0 0.27 0.12 0.28 0.12 0.0 0.0 0.3 0.12 0.09 0.13 0.06 0.17 0.09 0.15 0.12 0.2 0.15 0.25 0.04 0.2 0.0 0.0 0.0 0.0 0.12 0.29 0.0 0.0 0.0 0.0 0.1 0.33 0.0 0.0 0.0 0.0 0.09 0.12 0.0 0.0 0.07 0.12 0.0 0.0
0.27 0.13 0.3 0.17 0.27 0.17 0.26 0.24 0.26 0.29 0.32 0.17 0.34 0.26 0.31 0.22 0.28 0.35 0.0 0.0 0.0 0.0 0.32 0.34 0.34 0.45 0.0 0.0 0.27 0.12 0.28 0.12 0.0 0.0 0.3 0.12 0.09 0.13 0.07 0.17 0.09 0.15 0.12 0.2 0.16 0.25 0.04 0.2 0.0 0.0 0.0 0.0 0.13 0.31 0.0 0.0 0.0 0.0 0.1 0.33 0.11 0.45 0.0 0.0 0.09 0.12 0.0 0.0 0.07 0.12 0.0 0.0
0.27 0.14 0.3 0.17 0.27 0.17 0.26 0.24 0.26 0.29 0.32 0.17 0.34 0.26 0.31 0.22 0.28 0.35 0.0 0.0 0.0 0.0 0.32 0.34 0.34 0.45 0.0 0.0 0.27 0.12 0.28 0.13 0.0 0.0 0.3 0.12 0.09 0.13 0.07 0.17 0.09 0.15 0.13 0.21 0.16 0.25 0.05 0.2 0.0 0.0 0.0 0.0 0.14 0.29 0.0 0.0 0.0 0.0 0.11 0.34 0.11 0.44 0.0 0.0 0.09 0.12 0.0 0.0 0.07 0.12 0.0 0.0
0.27 0.14 0.3 0.17 0.27 0.17 0.26 0.24 0.26 0.29 0.32 0.17 0.34 0.26 0.31 0.22 0.28 0.35 0.0 0.0 0.0 0.0 0.32 0.34 0.34 0.45 0.0 0.0 0.27 0.13 0.28 0.13 0.0 0.0 0.3 0.12 0.09 0.13 0.07 0.19 0.09 0.15 0.13 0.2 0.16 0.25 0.04 0.21 0.0 0.0 0.0 0.0 0.14 0.31 0.21 0.28 0.0 0.0 0.11 0.35 0.11 0.45 0.0 0.0 0.09 0.12 0.0 0.0 0.07 0.12 0.0 0.0
0.27 0.14 0.3 0.17 0.27 0.17 0.26 0.24 0.26 0.31 0.32 0.17 0.34 0.26 0.31 0.22 0.28 0.35 0.0 0.0 0.0 0.0 0.32 0.34 0.34 0.45 0.0 0.0 0.27 0.13 0.28 0.13 0.0 0.0 0.3 0.12 0.09 0.13 0.07 0.17 0.09 0.15 0.13 0.2 0.17 0.25 0.05 0.2 0.0 0.0 0.0 0.0 0.14 0.31 0.21 0.28 0.0 0.0 0.1 0.34 0.0 0.0 0.0 0.0 0.09 0.12 0.0 0.0 0.07 0.12 0.0 0.0
0.27 0.14 0.3 0.17 0.27 0.17 0.26 0.24 0.26 0.31 0.32 0.17 0.34 0.26 0.31 0.22 0.28 0.35 0.0 0.0 0.0 0.0 0.32 0.34 0.34 0.45 0.0 0.0 0.27 0.13 0.28 0.13 0.0 0.0 0.3 0.12 0.09 0.13 0.07 0.17 0.09 0.15 0.13 0.2 0.17 0.25 0.05 0.2 0.0 0.0 0.0 0.0 0.13 0.31 0.0 0.0 0.0 0.0 0.1 0.34 0.11 0.45 0.0 0.0 0.09 0.12 0.0 0.0 0.07 0.12 0.0 0.0
0.27 0.14 0.3 0.17 0.27 0.17 0.26 0.24 0.26 0.32 0.32 0.17 0.34 0.26 0.31 0.22 0.28 0.34 0.28 0.46 0.0 0.0 0.32 0.34 0.34 0.45 0.0 0.0 0.27 0.13 0.28 0.13 0.0 0.0 0.3 0.12 0.09 0.13 0.07 0.19 0.1 0.15 0.13 0.2 0.17 0.25 0.05 0.21 0.0 0.0 0.0 0.0 0.14 0.31 0.0 0.0 0.0 0.0 0.11 0.35 0.11 0.45 0.0 0.0 0.09 0.12 0.0 0.0 0.07 0.12 0.0 0.0
0.27 0.14 0.3 0.17 0.27 0.17 0.26 0.25 0.26 0.33 0.32 0.17 0.34 0.26 0.31 0.22 0.27 0.34 0.27 0.45 0.0 0.0 0.32 0.34 0.34 0.45 0.0 0.0 0.27 0.13 0.28 0.13 0.0 0.0 0.3 0.13 0.09 0.13 0.07 0.17 0.1 0.15 0.13 0.21 0.17 0.26 0.05 0.21 0.0 0.0 0.0 0.0 0.14 0.31 0.0 0.0 0.0 0.0 0.11 0.34 0.11 0.45 0.0 0.0 0.09 0.12 0.0 0.0 0.07 0.12 0.0 0.0
0.27 0.14 0.3 0.17 0.27 0.17 0.26 0.25 0.26 0.33 0.32 0.17 0.34 0.26 0.31 0.22 0.28 0.34 0.0 0.0 0.0 0.0 0.32 0.34 0.34 0.45 0.0 0.0 0.27 0.13 0.28 0.13 0.0 0.0 0.3 0.13 0.09 0.13 0.07 0.19 0.1 0.15 0.13 0.21 0.17 0.25 0.05 0.21 0.0 0.0 0.0 0.0 0.14 0.32 0.0 0.0 0.0 0.0 0.11 0.34 0.11 0.45 0.0 0.0 0.09 0.12 0.0 0.0 0.08 0.12 0.0 0.0
0.27 0.14 0.3 0.17 0.27 0.17 0.26 0.24 0.26 0.33 0.32 0.17 0.34 0.26 0.31 0.22 0.27 0.34 0.27 0.46 0.0 0.0 0.32 0.34 0.34 0.45 0.0 0.0 0.27 0.13 0.28 0.13 0.0 0.0 0.3 0.13 0.1 0.13 0.07 0.19 0.1 0.15 0.13 0.2 0.17 0.26 0.05 0.21 0.0 0.0 0.0 0.0 0.15 0.31 0.21 0.31 0.0 0.0 0.11 0.34 0.11 0.45 0.0 0.0 0.09 0.12 0.0 0.0 0.08 0.12 0.0 0.0
0.27 0.14 0.29 0.17 0.27 0.17 0.26 0.25 0.26 0.33 0.32 0.17 0.34 0.26 0.31 0.22 0.27 0.35 0.27 0.46 0.0 0.0 0.32 0.34 0.34 0.45 0.0 0.0 0.27 0.13 0.28 0.13 0.0 0.0 0.3 0.13 0.1 0.13 0.07 0.19 0.1 0.15 0.13 0.2 0.17 0.26 0.05 0.21 0.0 0.0 0.0 0.0 0.15 0.31 0.21 0.31 0.22 0.37 0.11 0.34 0.11 0.45 0.0 0.0 0.09 0.12 0.0 0.0 0.08 0.12 0.0 0.0
0.27 0.14 0.29 0.17 0.27 0.17 0.26 0.25 0.26 0.33 0.32 0.17 0.34 0.26 0.31 0.22 0.27 0.34 0.27 0.46 0.0 0.0 0.32 0.34 0.34 0.45 0.0 0.0 0.27 0.13 0.28 0.13 0.0 0.0 0.3 0.13 0.1 0.13 0.07 0.17 0.1 0.15 0.13 0.2 0.17 0.25 0.06 0.2 0.0 0.0 0.0 0.0 0.15 0.31 0.0 0.0 0.0 0.0 0.11 0.34 0.11 0.45 0.0 0.0 0.09 0.12 0.0 0.0 0.08 0.12 0.0 0.0
0.27 0.14 0.29 0.17 0.27 0.17 0.26 0.24 0.26 0.33 0.32 0.17 0.34 0.25 0.31 0.22 0.27 0.34 0.27 0.46 0.0 0.0 0.32 0.34 0.34 0.45 0.0 0.0 0.27 0.13 0.28 0.13 0.0 0.0 0.3 0.13 0.1 0.13 0.08 0.17 0.1 0.15 0.13 0.2 0.17 0.26 0.06 0.2 0.0 0.0 0.0 0.0 0.15 0.32 0.0 0.0 0.0 0.0 0.11 0.34 0.11 0.45 0.0 0.0 0.09 0.12 0.0 0.0 0.08 0.12 0.0 0.0
0.27 0.14 0.29 0.17 0.27 0.17 0.26 0.24 0.26 0.33 0.32 0.17 0.34 0.25 0.31 0.22 0.27 0.34 0.27 0.46 0.0 0.0 0.32 0.34 0.34 0.45 0.0 0.0 0.27 0.13 0.28 0.13 0.0 0.0 0.3 0.13 0.1 0.13 0.08 0.17 0.1 0.15 0.13 0.2 0.17 0.25 0.06 0.21 0.0 0.0 0.0 0.0 0.15 0.31 0.21 0.33 0.2 0.39 0.11 0.34 0.11 0.45 0.0 0.0 0.1 0.12 0.0 0.0 0.08 0.12 0.0 0.0
0.27 0.14 0.29 0.17 0.27 0.17 0.26 0.25 0.26 0.33 0.32 0.17 0.34 0.25 0.31 0.22 0.27 0.34 0.27 0.46 0.0 0.0 0.32 0.34 0.34 0.45 0.0 0.0 0.27 0.13 0.28 0.13 0.0 0.0 0.3 0.12 0.1 0.12 0.08 0.17 0.1 0.15 0.14 0.2 0.17 0.25 0.06 0.21 0.0 0.0 0.0 0.0 0.15 0.31 0.2 0.33 0.2 0.4 0.11 0.34 0.11 0.46 0.0 0.0 0.1 0.12 0.0 0.0 0.09 0.12 0.0 0.0
0.27 0.14 0.29 0.17 0.27 0.17 0.26 0.25 0.26 0.33 0.32 0.17 0.34 0.25 0.31 0.22 0.27 0.34 0.27 0.46 0.0 0.0 0.32 0.34 0.34 0.45 0.0 0.0 0.27 0.13 0.28 0.13 0.0 0.0 0.3 0.12 0.1 0.12 0.08 0.17 0.1 0.15 0.14 0.2 0.17 0.25 0.06 0.2 0.0 0.0 0.0 0.0 0.15 0.29 0.2 0.34 0.0 0.0 0.11 0.33 0.11 0.46 0.0 0.0 0.1 0.12 0.0 0.0 0.09 0.12 0.0 0.0
0.27 0.14 0.29 0.17 0.27 0.17 0.26 0.24 0.26 0.33 0.32 0.16 0.34 0.25 0.31 0.22 0.28 0.34 0.27 0.46 0.0 0.0 0.32 0.34 0.34 0.45 0.0 0.0 0.27 0.13 0.28 0.13 0.0 0.0 0.3 0.12 0.1 0.12 0.08 0.17 0.1 0.15 0.14 0.2 0.17 0.25 0.06 0.2 0.0 0.0 0.0 0.0 0.15 0.29 0.2 0.35 0.2 0.45 0.1 0.33 0.11 0.46 0.0 0.0 0.1 0.12 0.0 0.0 0.09 0.12 0.0 0.0
0.27 0.14 0.29 0.17 0.27 0.17 0.26 0.25 0.26 0.33 0.32 0.16 0.34 0.25 0.31 0.22 0.27 0.34 0.27 0.45 0.0 0.0 0.32 0.34 0.34 0.45 0.0 0.0 0.27 0.13 0.28 0.13 0.0 0.0 0.3 0.12 0.1 0.12 0.08 0.17 0.1 0.15 0.14 0.2 0.17 0.25 0.06 0.2 0.0 0.0 0.0 0.0 0.15 0.29 0.2 0.35 0.2 0.46 0.11 0.34 0.11 0.46 0.0 0.0 0.1 0.11 0.0 0.0 0.09 0.12 0.0 0.0
0.27 0.14 0.29 0.17 0.27 0.17 0.26 0.25 0.26 0.33 0.32 0.16 0.34 0.25 0.31 0.22 0.27 0.34 0.27 0.45 0.0 0.0 0.32 0.34 0.0 0.0 0.0 0.0 0.27 0.13 0.28 0.13 0.0 0.0 0.3 0.12 0.1 0.12 0.08 0.17 0.1 0.15 0.14 0.21 0.18 0.26 0.06 0.2 0.0 0.0 0.0 0.0 0.15 0.29 0.2 0.36 0.2 0.46 0.11 0.34 0.11 0.46 0.0 0.0 0.1 0.11 0.0 0.0 0.09 0.12 0.0 0.0
0.27 0.14 0.29 0.17 0.27 0.17 0.26 0.24 0.26 0.33 0.32 0.17 0.34 0.25 0.31 0.22 0.27 0.34 0.27 0.45 0.0 0.0 0.32 0.33 0.34 0.44 0.0 0.0 0.27 0.13 0.28 0.13 0.0 0.0 0.3 0.12 0.1 0.12 0.08 0.17 0.11 0.15 0.14 0.21 0.18 0.26 0.06 0.2 0.0 0.0 0.0 0.0 0.15 0.29 0.2 0.36 0.2 0.48 0.11 0.34 0.11 0.46 0.0 0.0 0.1 0.11 0.0 0.0 0.09 0.12 0.0 0.0
0.27 0.14 0.29 0.17 0.27 0.17 0.26 0.24 0.26 0.33 0.32 0.17 0.34 0.25 0.31 0.22 0.27 0.34 0.27 0.46 0.0 0.0 0.32 0.34 0.0 0.0 0.0 0.0 0.27 0.13 0.28 0.13 0.0 0.0 0.3 0.12 0.11 0.12 0.09 0.17 0.11 0.15 0.15 0.21 0.18 0.26 0.06 0.2 0.0 0.0 0.0 0.0 0.15 0.31 0.2 0.37 0.2 0.49 0.11 0.34 0.11 0.46 0.0 0.0 0.1 0.11 0.0 0.0 0.09 0.11 0.0 0.0
0.27 0.14 0.29 0.17 0.27 0.17 0.26 0.25 0.26 0.33 0.32 0.16 0.34 0.25 0.31 0.22 0.27 0.34 0.27 0.45 0.0 0.0 0.32 0.34 0.34 0.45 0.0 0.0 0.27 0.13 0.28 0.13 0.0 0.0 0.3 0.12 0.11 0.12 0.09 0.17 0.11 0.15 0.15 0.21 0.18 0.26 0.06 0.2 0.0 0.0 0.0 0.0 0.15 0.31 0.2 0.38 0.0 0.0 0.11 0.34 0.11 0.46 0.0 0.0 0.1 0.11 0.0 0.0 0.09 0.11 0.0 0.0
0.27 0.14 0.29 0.17 0.27 0.17 0.26 0.25 0.26 0.33 0.32 0.16 0.34 0.25 0.31 0.22 0.27 0.34 0.27 0.45 0.0 0.0 0.32 0.34 0.34 0.45 0.0 0.0 0.27 0.13 0.28 0.13 0.0 0.0 0.3 0.12 0.11 0.12 0.09 0.17 0.11 0.15 0.15 0.21 0.18 0.26 0.06 0.2 0.0 0.0 0.0 0.0 0.15 0.31 0.2 0.38 0.0 0.0 0.11 0.34 0.12 0.46 0.0 0.0 0.11 0.11 0.0 0.0 0.09 0.11 0.0 0.0
0.27 0.14 0.29 0.17 0.27 0.17 0.26 0.25 0.26 0.33 0.32 0.16 0.34 0.25 0.32 0.22 0.27 0.34 0.27 0.45 0.0 0.0 0.32 0.34 0.34 0.45 0.0 0.0 0.27 0.13 0.28 0.13 0.0 0.0 0.3 0.12 0.11 0.12 0.09 0.17 0.12 0.15 0.15 0.21 0.18 0.26 0.06 0.2 0.07 0.26 0.0 0.0 0.15 0.31 0.2 0.39 0.0 0.0 0.11 0.34 0.12 0.46 0.0 0.0 0.11 0.11 0.0 0.0 0.1 0.11 0.0 0.0
0.27 0.14 0.29 0.17 0.27 0.17 0.26 0.25 0.26 0.33 0.32 0.16 0.34 0.25 0.32 0.22 0.27 0.34 0.27 0.45 0.0 0.0 0.32 0.34 0.0 0.0 0.0 0.0 0.27 0.13 0.28 0.13 0.0 0.0 0.3 0.12 0.11 0.12 0.09 0.17 0.12 0.15 0.15 0.21 0.18 0.26 0.06 0.2 0.0 0.0 0.0 0.0 0.15 0.31 0.2 0.39 0.0 0.0 0.11 0.33 0.12 0.46 0.0 0.0 0.11 0.11 0.0 0.0 0.1 0.11 0.0 0.0
0.27 0.14 0.29 0.17 0.27 0.17 0.26 0.25 0.26 0.33 0.32 0.16 0.35 0.25 0.32 0.22 0.27 0.34 0.27 0.46 0.0 0.0 0.32 0.34 0.0 0.0 0.0 0.0 0.27 0.13 0.28 0.13 0.0 0.0 0.3 0.12 0.12 0.11 0.09 0.17 0.12 0.15 0.15 0.21 0.18 0.26 0.06 0.2 0.0 0.0 0.0 0.0 0.15 0.29 0.2 0.4 0.0 0.0 0.11 0.33 0.12 0.46 0.0 0.0 0.11 0.11 0.0 0.0 0.1 0.11 0.0 0.0
0.27 0.14 0.29 0.17 0.27 0.17 0.26 0.25 0.26 0.34 0.32 0.17 0.35 0.25 0.32 0.23 0.27 0.34 0.27 0.46 0.0 0.0 0.32 0.34 0.0 0.0 0.0 0.0 0.27 0.13 0.28 0.13 0.0 0.0 0.3 0.12 0.12 0.11 0.09 0.16 0.12 0.15 0.15 0.21 0.18 0.26 0.07 0.19 0.07 0.27 0.0 0.0 0.15 0.29 0.2 0.39 0.0 0.0 0.11 0.34 0.12 0.45 0.0 0.0 0.12 0.11 0.0 0.0 0.1 0.11 0.0 0.0
0.27 0.14 0.29 0.17 0.27 0.17 0.26 0.24 0.26 0.33 0.32 0.17 0.35 0.25 0.32 0.22 0.27 0.34 0.27 0.46 0.0 0.0 0.32 0.34 0.0 0.0 0.0 0.0 0.27 0.13 0.28 0.13 0.0 0.0 0.3 0.12 0.12 0.11 0.09 0.16 0.12 0.14 0.15 0.21 0.18 0.26 0.07 0.19 0.0 0.0 0.0 0.0 0.15 0.31 0.2 0.41 0.0 0.0 0.11 0.33 0.12 0.46 0.0 0.0 0.12 0.11 0.0 0.0 0.1 0.11 0.0 0.0
0.27 0.14 0.29 0.17 0.27 0.17 0.26 0.25 0.26 0.33 0.32 0.16 0.35 0.25 0.32 0.22 0.27 0.34 0.27 0.46 0.0 0.0 0.32 0.34 0.34 0.45 0.0 0.0 0.27 0.13 0.28 0.13 0.0 0.0 0.3 0.12 0.12 0.11 0.1 0.16 0.12 0.14 0.15 0.21 0.18 0.27 0.07 0.19 0.07 0.26 0.0 0.0 0.15 0.31 0.2 0.41 0.0 0.0 0.11 0.33 0.12 0.46 0.0 0.0 0.12 0.11 0.0 0.0 0.1 0.11 0.0 0.0
0.27 0.14 0.29 0.17 0.27 0.17 0.26 0.24 0.26 0.33 0.32 0.16 0.35 0.25 0.32 0.22 0.27 0.34 0.27 0.46 0.0 0.0 0.32 0.34 0.34 0.45 0.0 0.0 0.27 0.13 0.28 0.13 0.0 0.0 0.3 0.12 0.12 0.11 0.1 0.16 0.12 0.15 0.15 0.21 0.18 0.27 0.07 0.19 0.0 0.0 0.0 0.0 0.15 0.31 0.2 0.41 0.0 0.0 0.11 0.34 0.12 0.46 0.0 0.0 0.12 0.11 0.0 0.0 0.1 0.11 0.0 0.0
0.27 0.14 0.29 0.17 0.27 0.17 0.26 0.25 0.26 0.33 0.32 0.16 0.35 0.25 0.32 0.22 0.27 0.34 0.27 0.46 0.0 0.0 0.32 0.34 0.34 0.45 0.0 0.0 0.27 0.13 0.28 0.13 0.0 0.0 0.3 0.12 0.12 0.11 0.1 0.16 0.12 0.15 0.15 0.21 0.18 0.27 0.07 0.19 0.0 0.0 0.0 0.0 0.15 0.31 0.2 0.44 0.0 0.0 0.12 0.34 0.12 0.46 0.0 0.0 0.12 0.11 0.0 0.0 0.11 0.11 0.0 0.0
0.28 0.14 0.3 0.17 0.27 0.17 0.26 0.25 0.26 0.33 0.32 0.16 0.35 0.25 0.32 0.22 0.27 0.34 0.27 0.46 0.0 0.0 0.32 0.34 0.0 0.0 0.0 0.0 0.27 0.13 0.28 0.13 0.0 0.0 0.3 0.12 0.12 0.11 0.1 0.16 0.13 0.15 0.16 0.22 0.18 0.27 0.07 0.19 0.0 0.0 0.0 0.0 0.15 0.31 0.0 0.0 0.0 0.0 0.12 0.34 0.12 0.45 0.0 0.0 0.12 0.11 0.0 0.0 0.11 0.11 0.0 0.0
0.28 0.14 0.3 0.17 0.27 0.17 0.26 0.25 0.26 0.33 0.32 0.16 0.35 0.25 0.32 0.22 0.27 0.34 0.27 0.46 0.0 0.0 0.32 0.34 0.34 0.45 0.0 0.0 0.27 0.13 0.29 0.13 0.0 0.0 0.3 0.12 0.13 0.11 0.1 0.16 0.13 0.15 0.16 0.22 0.18 0.27 0.07 0.19 0.09 0.25 0.0 0.0 0.15 0.31 0.18 0.42 0.0 0.0 0.12 0.34 0.12 0.45 0.0 0.0 0.12 0.11 0.0 0.0 0.11 0.11 0.0 0.0
0.28 0.14 0.3 0.17 0.27 0.17 0.26 0.24 0.26 0.32 0.32 0.17 0.35 0.25 0.32 0.23 0.28 0.34 0.27 0.45 0.0 0.0 0.32 0.33 0.34 0.44 0.0 0.0 0.27 0.13 0.29 0.13 0.0 0.0 0.3 0.12 0.13 0.12 0.1 0.16 0.13 0.15 0.16 0.22 0.18 0.28 0.07 0.19 0.08 0.25 0.0 0.0 0.16 0.32 0.18 0.42 0.0 0.0 0.12 0.34 0.12 0.45 0.0 0.0 0.13 0.11 0.0 0.0 0.11 0.11 0.0 0.0
0.28 0.14 0.3 0.17 0.27 0.17 0.26 0.24 0.26 0.33 0.32 0.17 0.35 0.25 0.32 0.23 0.28 0.34 0.27 0.46 0.0 0.0 0.32 0.33 0.34 0.44 0.0 0.0 0.27 0.13 0.29 0.13 0.0 0.0 0.3 0.12 0.13 0.12 0.1 0.16 0.13 0.15 0.16 0.22 0.18 0.28 0.07 0.19 0.08 0.26 0.0 0.0 0.16 0.32 0.18 0.44 0.0 0.0 0.12 0.34 0.12 0.45 0.0 0.0 0.13 0.11 0.0 0.0 0.12 0.11 0.0 0.0
0.28 0.14 0.3 0.17 0.27 0.17 0.26 0.24 0.26 0.32 0.32 0.17 0.35 0.25 0.32 0.23 0.28 0.34 0.27 0.46 0.0 0.0 0.32 0.33 0.34 0.44 0.0 0.0 0.27 0.13 0.29 0.13 0.0 0.0 0.31 0.12 0.13 0.12 0.1 0.16 0.13 0.15 0.17 0.22 0.18 0.28 0.08 0.19 0.08 0.26 0.0 0.0 0.16 0.32 0.18 0.44 0.0 0.0 0.12 0.34 0.12 0.46 0.0 0.0 0.13 0.11 0.0 0.0 0.12 0.11 0.0 0.0
0.28 0.14 0.3 0.17 0.27 0.17 0.26 0.24 0.26 0.32 0.32 0.17 0.35 0.25 0.32 0.23 0.28 0.34 0.27 0.46 0.0 0.0 0.32 0.33 0.34 0.44 0.0 0.0 0.27 0.13 0.29 0.13 0.0 0.0 0.31 0.12 0.13 0.12 0.11 0.16 0.13 0.15 0.17 0.22 0.18 0.29 0.08 0.19 0.09 0.26 0.0 0.0 0.16 0.32 0.18 0.44 0.0 0.0 0.12 0.34 0.12 0.46 0.0 0.0 0.13 0.11 0.0 0.0 0.12 0.11 0.0 0.0
0.28 0.14 0.3 0.17 0.27 0.17 0.26 0.24 0.26 0.33 0.32 0.17 0.35 0.25 0.32 0.23 0.28 0.34 0.27 0.46 0.0 0.0 0.32 0.33 0.34 0.44 0.0 0.0 0.28 0.13 0.29 0.13 0.0 0.0 0.31 0.12 0.13 0.12 0.11 0.17 0.13 0.15 0.17 0.23 0.18 0.29 0.08 0.19 0.09 0.26 0.0 0.0 0.16 0.32 0.18 0.45 0.0 0.0 0.12 0.34 0.12 0.46 0.0 0.0 0.13 0.11 0.0 0.0 0.12 0.11 0.0 0.0
0.28 0.14 0.3 0.17 0.27 0.17 0.26 0.24 0.26 0.32 0.32 0.17 0.35 0.25 0.32 0.23 0.28 0.34 0.27 0.47 0.0 0.0 0.32 0.34 0.34 0.45 0.0 0.0 0.28 0.13 0.29 0.13 0.0 0.0 0.31 0.12 0.13 0.12 0.11 0.17 0.14 0.16 0.17 0.23 0.18 0.29 0.08 0.19 0.09 0.26 0.0 0.0 0.16 0.33 0.18 0.44 0.0 0.0 0.12 0.34 0.12 0.46 0.0 0.0 0.13 0.11 0.0 0.0 0.12 0.11 0.0 0.0
0.28 0.14 0.3 0.17 0.27 0.17 0.26 0.24 0.26 0.33 0.32 0.17 0.35 0.25 0.32 0.22 0.28 0.34 0.27 0.46 0.0 0.0 0.32 0.34 0.35 0.45 0.0 0.0 0.28 0.13 0.29 0.13 0.0 0.0 0.31 0.12 0.14 0.12 0.11 0.17 0.14 0.16 0.17 0.23 0.18 0.29 0.09 0.19 0.09 0.26 0.0 0.0 0.16 0.33 0.18 0.44 0.0 0.0 0.12 0.34 0.12 0.46 0.0 0.0 0.13 0.11 0.0 0.0 0.12 0.11 0.0 0.0
0.28 0.14 0.3 0.17 0.27 0.17 0.26 0.24 0.26 0.33 0.33 0.17 0.35 0.25 0.32 0.23 0.28 0.34 0.27 0.47 0.0 0.0 0.32 0.34 0.35 0.44 0.0 0.0 0.28 0.13 0.29 0.13 0.0 0.0 0.31 0.12 0.14 0.12 0.12 0.17 0.14 0.16 0.17 0.23 0.18 0.31 0.09 0.19 0.09 0.26 0.0 0.0 0.16 0.33 0.18 0.45 0.0 0.0 0.12 0.34 0.12 0.46 0.0 0.0 0.13 0.11 0.0 0.0 0.12 0.11 0.0 0.0
0.29 0.14 0.3 0.17 0.27 0.17 0.26 0.24 0.26 0.33 0.33 0.17 0.35 0.25 0.32 0.23 0.28 0.34 0.27 0.46 0.0 0.0 0.32 0.33 0.35 0.44 0.0 0.0 0.28 0.13 0.29 0.13 0.0 0.0 0.31 0.12 0.14 0.12 0.12 0.17 0.15 0.16 0.17 0.23 0.18 0.31 0.09 0.19 0.09 0.26 0.0 0.0 0.16 0.33 0.18 0.45 0.0 0.0 0.12 0.34 0.12 0.46 0.0 0.0 0.14 0.11 0.0 0.0 0.13 0.11 0.0 0.0
0.29 0.13 0.3 0.17 0.27 0.17 0.26 0.24 0.26 0.33 0.33 0.17 0.35 0.25 0.32 0.23 0.28 0.34 0.27 0.45 0.0 0.0 0.32 0.33 0.35 0.44 0.0 0.0 0.28 0.12 0.29 0.12 0.0 0.0 0.31 0.12 0.15 0.12 0.12 0.17 0.15 0.16 0.17 0.24 0.18 0.31 0.09 0.19 0.09 0.26 0.0 0.0 0.16 0.33 0.18 0.45 0.0 0.0 0.12 0.34 0.12 0.46 0.0 0.0 0.14 0.11 0.0 0.0 0.13 0.11 0.0 0.0
0.29 0.13 0.31 0.17 0.27 0.17 0.26 0.24 0.26 0.33 0.33 0.17 0.35 0.25 0.32 0.23 0.28 0.34 0.27 0.45 0.0 0.0 0.32 0.33 0.35 0.44 0.0 0.0 0.28 0.12 0.29 0.12 0.0 0.0 0.31 0.12 0.15 0.12 0.12 0.17 0.15 0.16 0.17 0.24 0.18 0.31 0.09 0.19 0.09 0.25 0.0 0.0 0.16 0.33 0.18 0.45 0.0 0.0 0.12 0.34 0.12 0.46 0.0 0.0 0.14 0.11 0.0 0.0 0.13 0.11 0.0 0.0
0.29 0.13 0.31 0.17 0.27 0.17 0.26 0.23 0.26 0.32 0.33 0.17 0.35 0.25 0.32 0.23 0.28 0.34 0.27 0.46 0.0 0.0 0.32 0.33 0.35 0.44 0.0 0.0 0.28 0.13 0.29 0.12 0.0 0.0 0.31 0.12 0.15 0.12 0.12 0.17 0.15 0.16 0.17 0.24 0.18 0.31 0.09 0.19 0.09 0.26 0.0 0.0 0.16 0.33 0.18 0.45 0.0 0.0 0.12 0.34 0.12 0.46 0.0 0.0 0.15 0.11 0.0 0.0 0.13 0.11 0.0 0.0
0.05 0.09 0.04 0.15 0.0 0.14 0.0 0.0 0.0 0.0 0.07 0.16 0.09 0.27 0.07 0.35 0.0 0.35 0.0 0.0 0.0 0.0 0.05 0.34 0.07 0.4 0.0 0.0 0.04 0.07 0.06 0.07 0.02 0.08 0.0 0.0 0.0 0.0 0.37 0.17 0.42 0.17 0.44 0.29 0.0 0.0 0.32 0.19 0.29 0.29 0.0 0.0 0.4 0.4 0.0 0.0 0.0 0.0 0.0 0.0 0.0 0.0 0.0 0.0 0.0 0.0 0.34 0.08 0.39 0.09 0.35 0.09
0.05 0.09 0.04 0.15 0.0 0.14 0.0 0.0 0.0 0.0 0.07 0.16 0.09 0.27 0.07 0.35 0.01 0.35 0.0 0.0 0.0 0.0 0.05 0.34 0.07 0.4 0.0 0.0 0.04 0.07 0.06 0.07 0.02 0.08 0.0 0.0 0.0 0.0 0.37 0.17 0.42 0.17 0.44 0.29 0.0 0.0 0.32 0.19 0.29 0.29 0.0 0.0 0.4 0.4 0.0 0.0 0.0 0.0 0.0 0.0 0.0 0.0 0.0 0.0 0.0 0.0 0.34 0.08 0.39 0.09 0.35 0.09
0.05 0.09 0.04 0.15 0.0 0.14 0.0 0.0 0.0 0.0 0.07 0.16 0.09 0.27 0.07 0.36 0.01 0.35 0.0 0.0 0.0 0.0 0.05 0.34 0.07 0.4 0.0 0.0 0.04 0.07 0.06 0.07 0.02 0.08 0.0 0.0 0.0 0.0 0.37 0.17 0.42 0.17 0.44 0.29 0.0 0.0 0.32 0.19 0.29 0.29 0.0 0.0 0.4 0.4 0.0 0.0 0.0 0.0 0.0 0.0 0.0 0.0 0.0 0.0 0.0 0.0 0.34 0.08 0.39 0.09 0.35 0.09
