0.45 0.09 0.46 0.15 0.42 0.16 0.41 0.27 0.42 0.35 0.49 0.14 0.0 0.0 0.0 0.0 0.44 0.36 0.0 0.0 0.0 0.0 0.49 0.35 0.0 0.0 0.0 0.0 0.44 0.07 0.45 0.07 0.0 0.0 0.48 0.07 0.0 0.0 0.12 0.17 0.17 0.19 0.2 0.31 0.0 0.0 0.07 0.17 0.06 0.31 0.0 0.0 0.0 0.0 0.0 0.0 0.0 0.0 0.0 0.0 0.0 0.0 0.0 0.0 0.15 0.08 0.0 0.0 0.14 0.09 0.0 0.0
0.45 0.09 0.46 0.15 0.42 0.16 0.41 0.27 0.42 0.35 0.49 0.14 0.0 0.0 0.0 0.0 0.44 0.36 0.0 0.0 0.0 0.0 0.49 0.35 0.0 0.0 0.0 0.0 0.44 0.07 0.45 0.07 0.0 0.0 0.48 0.07 0.0 0.0 0.12 0.17 0.17 0.19 0.2 0.31 0.0 0.0 0.07 0.17 0.06 0.31 0.0 0.0 0.0 0.0 0.0 0.0 0.0 0.0 0.0 0.0 0.0 0.0 0.0 0.0 0.15 0.08 0.0 0.0 0.14 0.09 0.0 0.0
0.45 0.09 0.46 0.15 0.42 0.16 0.41 0.27 0.42 0.35 0.49 0.14 0.0 0.0 0.0 0.0 0.45 0.36 0.0 0.0 0.0 0.0 0.49 0.35 0.0 0.0 0.0 0.0 0.44 0.07 0.45 0.07 0.0 0.0 0.48 0.07 0.0 0.0 0.12 0.17 0.17 0.19 0.2 0.31 0.0 0.0 0.07 0.17 0.06 0.29 0.0 0.0 0.0 0.0 0.0 0.0 0.0 0.0 0.0 0.0 0.0 0.0 0.0 0.0 0.15 0.08 0.0 0.0 0.14 0.09 0.1 0.09
0.45 0.09 0.46 0.15 0.43 0.16 0.41 0.27 0.42 0.35 0.49 0.14 0.0 0.0 0.0 0.0 0.44 0.36 0.0 0.0 0.0 0.0 0.49 0.36 0.0 0.0 0.0 0.0 0.44 0.07 0.45 0.07 0.0 0.0 0.48 0.07 0.0 0.0 0.12 0.17 0.17 0.19 0.2 0.29 0.0 0.0 0.07 0.17 0.06 0.29 0.0 0.0 0.0 0.0 0.0 0.0 0.0 0.0 0.0 0.0 0.0 0.0 0.0 0.0 0.15 0.08 0.0 0.0 0.14 0.09 0.1 0.09
0.45 0.09 0.46 0.15 0.42 0.16 0.41 0.27 0.42 0.35 0.49 0.14 0.0 0.0 0.0 0.0 0.44 0.36 0.0 0.0 0.0 0.0 0.49 0.36 0.0 0.0 0.0 0.0 0.44 0.07 0.45 0.07 0.0 0.0 0.48 0.07 0.0 0.0 0.12 0.17 0.17 0.19 0.2 0.31 0.0 0.0 0.07 0.17 0.06 0.29 0.0 0.0 0.0 0.0 0.0 0.0 0.0 0.0 0.0 0.0 0.0 0.0 0.0 0.0 0.15 0.08 0.0 0.0 0.14 0.09 0.1 0.09
0.45 0.09 0.46 0.15 0.43 0.16 0.41 0.27 0.42 0.35 0.49 0.14 0.0 0.0 0.0 0.0 0.44 0.36 0.0 0.0 0.0 0.0 0.49 0.36 0.0 0.0 0.0 0.0 0.44 0.07 0.45 0.07 0.0 0.0 0.48 0.07 0.0 0.0 0.12 0.17 0.17 0.19 0.2 0.29 0.0 0.0 0.07 0.19 0.06 0.29 0.0 0.0 0.0 0.0 0.0 0.0 0.0 0.0 0.0 0.0 0.0 0.0 0.0 0.0 0.15 0.08 0.0 0.0 0.14 0.09 0.1 0.09
0.45 0.09 0.46 0.15 0.43 0.16 0.41 0.27 0.42 0.35 0.49 0.14 0.0 0.0 0.0 0.0 0.45 0.36 0.0 0.0 0.0 0.0 0.49 0.36 0.0 0.0 0.0 0.0 0.44 0.07 0.45 0.07 0.0 0.0 0.48 0.07 0.0 0.0 0.12 0.17 0.17 0.19 0.2 0.29 0.0 0.0 0.07 0.19 0.06 0.31 0.0 0.0 0.0 0.0 0.0 0.0 0.0 0.0 0.0 0.0 0.0 0.0 0.0 0.0 0.15 0.08 0.0 0.0 0.13 0.09 0.1 0.09
0.45 0.09 0.46 0.15 0.43 0.16 0.41 0.27 0.42 0.35 0.49 0.14 0.0 0.0 0.0 0.0 0.44 0.35 0.0 0.0 0.0 0.0 0.49 0.35 0.0 0.0 0.0 0.0 0.44 0.07 0.45 0.07 0.0 0.0 0.48 0.07 0.0 0.0 0.12 0.17 0.17 0.19 0.2 0.31 0.0 0.0 0.07 0.17 0.06 0.29 0.0 0.0 0.0 0.0 0.0 0.0 0.0 0.0 0.0 0.0 0.0 0.0 0.0 0.0 0.15 0.08 0.0 0.0 0.13 0.09 0.1 0.09
0.45 0.09 0.46 0.15 0.43 0.16 0.41 0.27 0.42 0.35 0.49 0.14 0.0 0.0 0.0 0.0 0.44 0.34 0.0 0.0 0.0 0.0 0.49 0.35 0.0 0.0 0.0 0.0 0.44 0.07 0.45 0.07 0.0 0.0 0.48 0.08 0.0 0.0 0.12 0.17 0.17 0.19 0.2 0.31 0.0 0.0 0.07 0.17 0.06 0.31 0.0 0.0 0.0 0.0 0.0 0.0 0.0 0.0 0.0 0.0 0.0 0.0 0.0 0.0 0.15 0.08 0.0 0.0 0.13 0.09 0.1 0.09
0.0 0.0 0.12 0.17 0.17 0.19 0.2 0.31 0.0 0.0 0.07 0.17 0.06 0.29 0.0 0.0 0.0 0.0 0.0 0.0 0.0 0.0 0.0 0.0 0.0 0.0 0.0 0.0 0.15 0.08 0.0 0.0 0.13 0.09 0.1 0.09 0.45 0.09 0.46 0.15 0.43 0.16 0.41 0.27 0.42 0.35 0.49 0.15 0.0 0.0 0.0 0.0 0.44 0.34 0.0 0.0 0.0 0.0 0.49 0.35 0.0 0.0 0.0 0.0 0.44 0.07 0.45 0.07 0.0 0.0 0.48 0.08
0.45 0.09 0.46 0.16 0.43 0.16 0.41 0.27 0.42 0.35 0.49 0.15 0.0 0.0 0.0 0.0 0.44 0.35 0.0 0.0 0.0 0.0 0.49 0.35 0.0 0.0 0.0 0.0 0.44 0.08 0.45 0.08 0.0 0.0 0.48 0.08 0.0 0.0 0.12 0.17 0.17 0.19 0.2 0.31 0.0 0.0 0.07 0.17 0.06 0.29 0.0 0.0 0.0 0.0 0.0 0.0 0.0 0.0 0.0 0.0 0.0 0.0 0.0 0.0 0.15 0.08 0.0 0.0 0.13 0.09 0.1 0.09
0.45 0.09 0.46 0.16 0.43 0.16 0.4 0.28 0.42 0.36 0.49 0.15 0.0 0.0 0.0 0.0 0.44 0.36 0.0 0.0 0.0 0.0 0.49 0.35 0.0 0.0 0.0 0.0 0.44 0.08 0.45 0.08 0.0 0.0 0.48 0.08 0.0 0.0 0.12 0.17 0.17 0.19 0.2 0.31 0.0 0.0 0.07 0.17 0.06 0.29 0.0 0.0 0.0 0.0 0.0 0.0 0.0 0.0 0.0 0.0 0.0 0.0 0.0 0.0 0.15 0.08 0.0 0.0 0.14 0.09 0.1 0.09
0.0 0.0 0.12 0.17 0.17 0.19 0.2 0.31 0.0 0.0 0.07 0.17 0.06 0.29 0.0 0.0 0.0 0.0 0.0 0.0 0.0 0.0 0.0 0.0 0.0 0.0 0.0 0.0 0.15 0.08 0.0 0.0 0.13 0.09 0.1 0.09 0.45 0.1 0.46 0.16 0.42 0.17 0.4 0.28 0.42 0.36 0.49 0.16 0.0 0.0 0.0 0.0 0.46 0.36 0.0 0.0 0.0 0.0 0.0 0.0 0.0 0.0 0.0 0.0 0.44 0.08 0.45 0.08 0.0 0.0 0.48 0.09
0.45 0.1 0.46 0.17 0.42 0.17 0.4 0.31 0.42 0.37 0.49 0.16 0.0 0.0 0.0 0.0 0.45 0.37 0.0 0.0 0.0 0.0 0.49 0.36 0.0 0.0 0.0 0.0 0.44 0.09 0.45 0.09 0.0 0.0 0.48 0.09 0.0 0.0 0.12 0.17 0.17 0.19 0.2 0.31 0.0 0.0 0.07 0.17 0.06 0.29 0.0 0.0 0.0 0.0 0.0 0.0 0.0 0.0 0.0 0.0 0.0 0.0 0.0 0.0 0.15 0.08 0.0 0.0 0.13 0.09 0.1 0.09
0.0 0.0 0.12 0.17 0.17 0.19 0.2 0.31 0.0 0.0 0.07 0.17 0.06 0.29 0.0 0.0 0.0 0.0 0.0 0.0 0.0 0.0 0.0 0.0 0.0 0.0 0.0 0.0 0.15 0.08 0.0 0.0 0.13 0.09 0.1 0.09 0.45 0.11 0.46 0.17 0.42 0.19 0.4 0.29 0.41 0.38 0.49 0.17 0.0 0.0 0.0 0.0 0.43 0.37 0.0 0.0 0.0 0.0 0.48 0.38 0.0 0.0 0.0 0.0 0.44 0.1 0.45 0.09 0.0 0.0 0.48 0.1
0.45 0.11 0.46 0.19 0.42 0.2 0.4 0.32 0.4 0.38 0.49 0.19 0.0 0.0 0.0 0.0 0.43 0.38 0.0 0.0 0.0 0.0 0.48 0.38 0.0 0.0 0.0 0.0 0.44 0.1 0.45 0.1 0.0 0.0 0.47 0.11 0.0 0.0 0.12 0.17 0.17 0.19 0.2 0.31 0.0 0.0 0.07 0.17 0.06 0.31 0.0 0.0 0.0 0.0 0.0 0.0 0.0 0.0 0.0 0.0 0.0 0.0 0.0 0.0 0.15 0.08 0.0 0.0 0.13 0.09 0.1 0.09
0.44 0.11 0.45 0.19 0.42 0.2 0.39 0.33 0.39 0.38 0.49 0.19 0.0 0.0 0.0 0.0 0.43 0.37 0.0 0.0 0.0 0.0 0.47 0.38 0.0 0.0 0.0 0.0 0.44 0.1 0.45 0.1 0.0 0.0 0.47 0.11 0.0 0.0 0.12 0.17 0.17 0.19 0.2 0.31 0.0 0.0 0.07 0.17 0.06 0.31 0.0 0.0 0.0 0.0 0.0 0.0 0.0 0.0 0.0 0.0 0.0 0.0 0.0 0.0 0.15 0.08 0.0 0.0 0.13 0.09 0.1 0.09
0.44 0.11 0.45 0.19 0.41 0.19 0.38 0.31 0.37 0.37 0.49 0.19 0.49 0.27 0.46 0.21 0.42 0.36 0.0 0.0 0.0 0.0 0.47 0.37 0.0 0.0 0.0 0.0 0.43 0.1 0.45 0.09 0.0 0.0 0.47 0.1 0.0 0.0 0.12 0.17 0.17 0.19 0.2 0.31 0.0 0.0 0.07 0.17 0.06 0.31 0.0 0.0 0.0 0.0 0.0 0.0 0.0 0.0 0.0 0.0 0.0 0.0 0.0 0.0 0.15 0.08 0.0 0.0 0.13 0.09 0.1 0.09
0.0 0.0 0.12 0.17 0.17 0.19 0.2 0.31 0.0 0.0 0.07 0.17 0.06 0.31 0.0 0.0 0.0 0.0 0.0 0.0 0.0 0.0 0.0 0.0 0.0 0.0 0.0 0.0 0.15 0.08 0.0 0.0 0.13 0.09 0.1 0.09 0.43 0.1 0.45 0.16 0.41 0.17 0.38 0.28 0.37 0.35 0.49 0.16 0.49 0.26 0.45 0.2 0.42 0.36 0.0 0.0 0.0 0.0 0.46 0.36 0.0 0.0 0.0 0.0 0.43 0.08 0.44 0.08 0.0 0.0 0.46 0.09
0.0 0.0 0.12 0.17 0.17 0.19 0.2 0.31 0.0 0.0 0.07 0.17 0.06 0.29 0.0 0.0 0.0 0.0 0.0 0.0 0.0 0.0 0.0 0.0 0.0 0.0 0.0 0.0 0.15 0.08 0.0 0.0 0.13 0.09 0.1 0.09 0.43 0.08 0.45 0.15 0.42 0.14 0.39 0.26 0.37 0.32 0.49 0.14 0.48 0.24 0.45 0.19 0.42 0.34 0.0 0.0 0.0 0.0 0.46 0.34 0.0 0.0 0.0 0.0 0.43 0.07 0.44 0.07 0.0 0.0 0.46 0.07
0.42 0.07 0.45 0.13 0.41 0.13 0.4 0.24 0.37 0.28 0.48 0.12 0.48 0.23 0.43 0.17 0.0 0.0 0.0 0.0 0.0 0.0 0.0 0.0 0.0 0.0 0.0 0.0 0.42 0.06 0.43 0.06 0.0 0.0 0.46 0.06 0.0 0.0 0.12 0.17 0.17 0.19 0.2 0.31 0.0 0.0 0.07 0.17 0.06 0.29 0.0 0.0 0.0 0.0 0.0 0.0 0.0 0.0 0.0 0.0 0.0 0.0 0.0 0.0 0.15 0.08 0.0 0.0 0.14 0.09 0.1 0.09
0.42 0.06 0.45 0.12 0.42 0.12 0.4 0.21 0.38 0.26 0.48 0.12 0.48 0.22 0.42 0.17 0.43 0.31 0.0 0.0 0.0 0.0 0.48 0.31 0.0 0.0 0.0 0.0 0.42 0.04 0.43 0.03 0.0 0.0 0.45 0.04 0.0 0.0 0.12 0.17 0.17 0.19 0.2 0.31 0.0 0.0 0.07 0.17 0.06 0.29 0.0 0.0 0.0 0.0 0.0 0.0 0.0 0.0 0.0 0.0 0.0 0.0 0.0 0.0 0.15 0.08 0.0 0.0 0.14 0.09 0.1 0.09
0.42 0.04 0.45 0.11 0.42 0.11 0.4 0.21 0.38 0.24 0.48 0.12 0.47 0.22 0.42 0.2 0.0 0.0 0.0 0.0 0.0 0.0 0.46 0.28 0.0 0.0 0.0 0.0 0.42 0.03 0.42 0.03 0.0 0.0 0.45 0.03 0.0 0.0 0.12 0.17 0.17 0.17 0.2 0.29 0.0 0.0 0.07 0.17 0.06 0.29 0.0 0.0 0.0 0.0 0.0 0.0 0.0 0.0 0.0 0.0 0.0 0.0 0.0 0.0 0.15 0.08 0.0 0.0 0.14 0.09 0.1 0.09
0.41 0.04 0.45 0.11 0.42 0.11 0.42 0.2 0.38 0.23 0.47 0.11 0.46 0.22 0.4 0.22 0.0 0.0 0.0 0.0 0.0 0.0 0.46 0.27 0.0 0.0 0.0 0.0 0.41 0.03 0.42 0.03 0.0 0.0 0.45 0.03 0.0 0.0 0.12 0.17 0.17 0.17 0.2 0.29 0.0 0.0 0.07 0.19 0.06 0.29 0.0 0.0 0.0 0.0 0.0 0.0 0.0 0.0 0.0 0.0 0.0 0.0 0.0 0.0 0.15 0.08 0.0 0.0 0.14 0.09 0.1 0.09
0.41 0.04 0.44 0.11 0.42 0.11 0.42 0.2 0.4 0.22 0.46 0.12 0.46 0.23 0.4 0.24 0.43 0.26 0.42 0.29 0.43 0.38 0.46 0.26 0.42 0.27 0.4 0.37 0.4 0.03 0.42 0.03 0.0 0.0 0.44 0.03 0.15 0.09 0.12 0.17 0.17 0.17 0.2 0.29 0.0 0.0 0.07 0.17 0.06 0.29 0.0 0.0 0.0 0.0 0.0 0.0 0.0 0.0 0.0 0.0 0.0 0.0 0.0 0.0 0.15 0.08 0.0 0.0 0.14 0.09 0.1 0.09
0.0 0.0 0.12 0.17 0.17 0.19 0.2 0.29 0.0 0.0 0.07 0.17 0.06 0.31 0.0 0.0 0.0 0.0 0.0 0.0 0.0 0.0 0.0 0.0 0.0 0.0 0.0 0.0 0.15 0.08 0.0 0.0 0.14 0.09 0.1 0.09 0.4 0.06 0.44 0.13 0.43 0.13 0.0 0.0 0.0 0.0 0.45 0.13 0.45 0.25 0.4 0.27 0.0 0.0 0.0 0.0 0.0 0.0 0.46 0.32 0.0 0.0 0.0 0.0 0.4 0.03 0.41 0.03 0.0 0.0 0.43 0.04
0.15 0.09 0.12 0.17 0.17 0.19 0.2 0.29 0.0 0.0 0.08 0.17 0.06 0.31 0.0 0.0 0.0 0.0 0.0 0.0 0.0 0.0 0.0 0.0 0.0 0.0 0.0 0.0 0.15 0.08 0.0 0.0 0.14 0.09 0.1 0.09 0.4 0.07 0.45 0.13 0.46 0.12 0.0 0.0 0.0 0.0 0.43 0.14 0.43 0.27 0.39 0.31 0.0 0.0 0.0 0.0 0.0 0.0 0.0 0.0 0.0 0.0 0.0 0.0 0.0 0.0 0.41 0.06 0.0 0.0 0.43 0.06
0.15 0.09 0.12 0.17 0.17 0.17 0.2 0.29 0.0 0.0 0.08 0.19 0.06 0.31 0.0 0.0 0.0 0.0 0.0 0.0 0.0 0.0 0.0 0.0 0.0 0.0 0.0 0.0 0.15 0.08 0.0 0.0 0.14 0.09 0.1 0.09 0.4 0.09 0.44 0.15 0.46 0.14 0.0 0.0 0.0 0.0 0.42 0.16 0.42 0.27 0.38 0.33 0.0 0.0 0.0 0.0 0.0 0.0 0.0 0.0 0.0 0.0 0.0 0.0 0.4 0.07 0.4 0.07 0.0 0.0 0.43 0.08
0.16 0.09 0.13 0.17 0.17 0.17 0.21 0.29 0.0 0.0 0.08 0.19 0.06 0.31 0.0 0.0 0.0 0.0 0.0 0.0 0.0 0.0 0.0 0.0 0.0 0.0 0.0 0.0 0.15 0.08 0.0 0.0 0.14 0.09 0.1 0.09 0.4 0.1 0.44 0.17 0.46 0.16 0.0 0.0 0.0 0.0 0.42 0.19 0.41 0.29 0.37 0.36 0.0 0.0 0.0 0.0 0.0 0.0 0.0 0.0 0.0 0.0 0.0 0.0 0.0 0.0 0.4 0.09 0.0 0.0 0.43 0.1
0.16 0.09 0.13 0.17 0.18 0.19 0.21 0.29 0.0 0.0 0.09 0.17 0.06 0.31 0.0 0.0 0.17 0.4 0.0 0.0 0.0 0.0 0.0 0.0 0.0 0.0 0.0 0.0 0.16 0.08 0.0 0.0 0.14 0.09 0.11 0.09 0.4 0.12 0.44 0.19 0.46 0.17 0.0 0.0 0.0 0.0 0.42 0.2 0.4 0.32 0.37 0.36 0.0 0.0 0.0 0.0 0.0 0.0 0.0 0.0 0.0 0.0 0.0 0.0 0.0 0.0 0.4 0.11 0.0 0.0 0.42 0.12
0.16 0.09 0.13 0.17 0.18 0.17 0.21 0.29 0.0 0.0 0.09 0.19 0.06 0.31 0.0 0.0 0.17 0.4 0.0 0.0 0.0 0.0 0.11 0.4 0.0 0.0 0.0 0.0 0.16 0.08 0.0 0.0 0.15 0.09 0.0 0.0 0.4 0.13 0.45 0.2 0.47 0.19 0.0 0.0 0.0 0.0 0.42 0.21 0.39 0.33 0.37 0.37 0.0 0.0 0.0 0.0 0.0 0.0 0.44 0.39 0.0 0.0 0.0 0.0 0.0 0.0 0.4 0.12 0.0 0.0 0.42 0.13
0.4 0.14 0.45 0.21 0.48 0.2 0.0 0.0 0.0 0.0 0.42 0.21 0.39 0.32 0.0 0.0 0.0 0.0 0.0 0.0 0.0 0.0 0.43 0.39 0.0 0.0 0.0 0.0 0.0 0.0 0.4 0.13 0.0 0.0 0.42 0.14 0.17 0.09 0.13 0.17 0.18 0.17 0.21 0.28 0.0 0.0 0.09 0.19 0.06 0.32 0.0 0.0 0.17 0.4 0.0 0.0 0.0 0.0 0.0 0.0 0.0 0.0 0.0 0.0 0.16 0.08 0.0 0.0 0.15 0.1 0.0 0.0
0.17 0.09 0.14 0.19 0.18 0.17 0.23 0.32 0.0 0.0 0.1 0.19 0.07 0.29 0.0 0.0 0.18 0.4 0.0 0.0 0.0 0.0 0.0 0.0 0.0 0.0 0.0 0.0 0.17 0.09 0.0 0.0 0.15 0.1 0.0 0.0 0.4 0.15 0.45 0.21 0.47 0.2 0.0 0.0 0.0 0.0 0.42 0.22 0.38 0.33 0.0 0.0 0.0 0.0 0.0 0.0 0.0 0.0 0.0 0.0 0.0 0.0 0.0 0.0 0.0 0.0 0.4 0.14 0.0 0.0 0.42 0.14
0.4 0.15 0.45 0.21 0.48 0.21 0.0 0.0 0.0 0.0 0.42 0.22 0.38 0.32 0.36 0.38 0.0 0.0 0.0 0.0 0.0 0.0 0.44 0.4 0.0 0.0 0.0 0.0 0.0 0.0 0.4 0.14 0.0 0.0 0.42 0.15 0.17 0.1 0.15 0.19 0.18 0.17 0.23 0.32 0.23 0.28 0.1 0.2 0.0 0.0 0.0 0.0 0.0 0.0 0.0 0.0 0.0 0.0 0.13 0.39 0.0 0.0 0.0 0.0 0.17 0.09 0.0 0.0 0.15 0.1 0.0 0.0
0.17 0.1 0.15 0.19 0.19 0.17 0.21 0.27 0.0 0.0 0.1 0.21 0.0 0.0 0.0 0.0 0.19 0.39 0.0 0.0 0.0 0.0 0.0 0.0 0.0 0.0 0.0 0.0 0.17 0.1 0.0 0.0 0.16 0.11 0.0 0.0 0.4 0.15 0.45 0.21 0.48 0.21 0.0 0.0 0.0 0.0 0.42 0.22 0.38 0.33 0.37 0.37 0.0 0.0 0.0 0.0 0.0 0.0 0.0 0.0 0.0 0.0 0.0 0.0 0.0 0.0 0.4 0.14 0.0 0.0 0.43 0.15
0.18 0.1 0.15 0.19 0.19 0.17 0.21 0.27 0.24 0.31 0.12 0.19 0.0 0.0 0.0 0.0 0.2 0.39 0.0 0.0 0.0 0.0 0.0 0.0 0.0 0.0 0.0 0.0 0.17 0.1 0.0 0.0 0.16 0.11 0.0 0.0 0.4 0.15 0.45 0.21 0.48 0.21 0.0 0.0 0.0 0.0 0.42 0.22 0.39 0.32 0.37 0.37 0.0 0.0 0.0 0.0 0.0 0.0 0.0 0.0 0.0 0.0 0.0 0.0 0.0 0.0 0.41 0.14 0.0 0.0 0.43 0.15
0.18 0.1 0.16 0.19 0.19 0.17 0.21 0.27 0.24 0.27 0.13 0.19 0.0 0.0 0.0 0.0 0.0 0.0 0.0 0.0 0.0 0.0 0.0 0.0 0.0 0.0 0.0 0.0 0.18 0.1 0.0 0.0 0.17 0.11 0.0 0.0 0.4 0.16 0.45 0.22 0.48 0.21 0.0 0.0 0.0 0.0 0.42 0.22 0.4 0.33 0.37 0.37 0.0 0.0 0.0 0.0 0.0 0.0 0.45 0.4 0.0 0.0 0.0 0.0 0.0 0.0 0.41 0.14 0.0 0.0 0.43 0.15
0.41 0.15 0.45 0.22 0.48 0.21 0.0 0.0 0.0 0.0 0.43 0.22 0.42 0.32 0.38 0.37 0.0 0.0 0.0 0.0 0.0 0.0 0.45 0.38 0.0 0.0 0.0 0.0 0.0 0.0 0.42 0.14 0.0 0.0 0.44 0.15 0.18 0.1 0.17 0.17 0.19 0.16 0.0 0.0 0.0 0.0 0.14 0.2 0.0 0.0 0.0 0.0 0.0 0.0 0.0 0.0 0.0 0.0 0.0 0.0 0.0 0.0 0.0 0.0 0.18 0.09 0.0 0.0 0.17 0.11 0.0 0.0
0.19 0.09 0.17 0.16 0.19 0.15 0.21 0.23 0.24 0.24 0.15 0.17 0.0 0.0 0.0 0.0 0.0 0.0 0.0 0.0 0.0 0.0 0.0 0.0 0.0 0.0 0.0 0.0 0.18 0.08 0.0 0.0 0.17 0.1 0.0 0.0 0.42 0.15 0.45 0.21 0.47 0.2 0.0 0.0 0.0 0.0 0.44 0.22 0.44 0.33 0.4 0.37 0.0 0.0 0.0 0.0 0.0 0.0 0.0 0.0 0.0 0.0 0.0 0.0 0.0 0.0 0.42 0.14 0.0 0.0 0.44 0.14
0.19 0.08 0.17 0.15 0.18 0.15 0.2 0.24 0.24 0.22 0.16 0.15 0.0 0.0 0.0 0.0 0.2 0.32 0.0 0.0 0.0 0.0 0.0 0.0 0.0 0.0 0.0 0.0 0.19 0.07 0.0 0.0 0.17 0.09 0.0 0.0 0.42 0.14 0.46 0.2 0.46 0.2 0.0 0.0 0.0 0.0 0.45 0.21 0.46 0.29 0.43 0.36 0.0 0.0 0.0 0.0 0.0 0.0 0.48 0.37 0.0 0.0 0.0 0.0 0.0 0.0 0.42 0.13 0.0 0.0 0.45 0.14
0.2 0.07 0.17 0.15 0.18 0.15 0.2 0.24 0.24 0.22 0.16 0.14 0.0 0.0 0.0 0.0 0.0 0.0 0.0 0.0 0.0 0.0 0.0 0.0 0.0 0.0 0.0 0.0 0.19 0.06 0.0 0.0 0.18 0.08 0.0 0.0 0.42 0.13 0.46 0.2 0.45 0.2 0.0 0.0 0.0 0.0 0.47 0.2 0.49 0.28 0.45 0.35 0.0 0.0 0.0 0.0 0.0 0.0 0.0 0.0 0.0 0.0 0.0 0.0 0.42 0.12 0.43 0.12 0.0 0.0 0.45 0.13
0.43 0.13 0.46 0.19 0.44 0.2 0.45 0.27 0.43 0.27 0.49 0.19 0.0 0.0 0.0 0.0 0.46 0.37 0.0 0.0 0.0 0.0 0.0 0.0 0.0 0.0 0.0 0.0 0.43 0.11 0.43 0.11 0.0 0.0 0.46 0.12 0.2 0.07 0.17 0.14 0.17 0.14 0.2 0.24 0.25 0.21 0.0 0.0 0.0 0.0 0.0 0.0 0.2 0.33 0.24 0.33 0.0 0.0 0.0 0.0 0.0 0.0 0.0 0.0 0.2 0.06 0.0 0.0 0.18 0.07 0.0 0.0
0.43 0.12 0.47 0.19 0.44 0.19 0.43 0.27 0.0 0.0 0.49 0.17 0.0 0.0 0.0 0.0 0.0 0.0 0.0 0.0 0.0 0.0 0.0 0.0 0.0 0.0 0.0 0.0 0.43 0.11 0.44 0.11 0.0 0.0 0.46 0.11 0.2 0.07 0.18 0.15 0.17 0.16 0.21 0.25 0.25 0.22 0.2 0.14 0.22 0.23 0.26 0.2 0.21 0.34 0.24 0.33 0.0 0.0 0.0 0.0 0.0 0.0 0.0 0.0 0.2 0.06 0.0 0.0 0.18 0.06 0.0 0.0
0.44 0.11 0.47 0.16 0.44 0.19 0.42 0.26 0.44 0.28 0.49 0.15 0.0 0.0 0.0 0.0 0.47 0.34 0.0 0.0 0.0 0.0 0.0 0.0 0.0 0.0 0.0 0.0 0.44 0.1 0.45 0.1 0.0 0.0 0.47 0.1 0.21 0.07 0.19 0.15 0.18 0.16 0.21 0.25 0.26 0.23 0.21 0.14 0.0 0.0 0.0 0.0 0.0 0.0 0.0 0.0 0.0 0.0 0.0 0.0 0.0 0.0 0.0 0.0 0.21 0.06 0.0 0.0 0.19 0.07 0.0 0.0
0.45 0.11 0.48 0.16 0.45 0.17 0.43 0.27 0.45 0.29 0.0 0.0 0.0 0.0 0.0 0.0 0.48 0.34 0.0 0.0 0.0 0.0 0.0 0.0 0.0 0.0 0.0 0.0 0.45 0.09 0.45 0.09 0.0 0.0 0.48 0.1 0.21 0.07 0.2 0.15 0.18 0.16 0.23 0.26 0.0 0.0 0.21 0.14 0.24 0.23 0.27 0.2 0.0 0.0 0.0 0.0 0.0 0.0 0.0 0.0 0.0 0.0 0.0 0.0 0.21 0.06 0.0 0.0 0.2 0.07 0.0 0.0
0.46 0.1 0.48 0.16 0.45 0.17 0.43 0.26 0.46 0.31 0.0 0.0 0.0 0.0 0.0 0.0 0.0 0.0 0.0 0.0 0.0 0.0 0.0 0.0 0.0 0.0 0.0 0.0 0.45 0.09 0.46 0.09 0.0 0.0 0.48 0.09 0.22 0.07 0.2 0.16 0.18 0.16 0.24 0.26 0.27 0.2 0.22 0.15 0.0 0.0 0.0 0.0 0.0 0.0 0.0 0.0 0.0 0.0 0.0 0.0 0.0 0.0 0.0 0.0 0.22 0.06 0.0 0.0 0.2 0.07 0.0 0.0
0.23 0.08 0.21 0.16 0.19 0.17 0.24 0.26 0.27 0.19 0.23 0.15 0.0 0.0 0.0 0.0 0.0 0.0 0.0 0.0 0.0 0.0 0.0 0.0 0.0 0.0 0.0 0.0 0.22 0.07 0.0 0.0 0.21 0.08 0.0 0.0 0.46 0.1 0.49 0.15 0.46 0.16 0.44 0.27 0.47 0.32 0.0 0.0 0.0 0.0 0.0 0.0 0.0 0.0 0.0 0.0 0.0 0.0 0.0 0.0 0.0 0.0 0.0 0.0 0.46 0.09 0.47 0.09 0.0 0.0 0.49 0.09
0.23 0.08 0.21 0.16 0.2 0.17 0.24 0.26 0.27 0.19 0.23 0.15 0.0 0.0 0.0 0.0 0.0 0.0 0.0 0.0 0.0 0.0 0.0 0.0 0.0 0.0 0.0 0.0 0.23 0.07 0.0 0.0 0.21 0.08 0.0 0.0 0.47 0.1 0.49 0.16 0.46 0.17 0.44 0.28 0.48 0.33 0.0 0.0 0.0 0.0 0.0 0.0 0.0 0.0 0.0 0.0 0.0 0.0 0.0 0.0 0.0 0.0 0.0 0.0 0.46 0.09 0.48 0.09 0.0 0.0 0.49 0.09
0.24 0.08 0.21 0.16 0.2 0.17 0.24 0.26 0.27 0.19 0.23 0.15 0.0 0.0 0.0 0.0 0.0 0.0 0.0 0.0 0.0 0.0 0.0 0.0 0.0 0.0 0.0 0.0 0.23 0.07 0.0 0.0 0.21 0.08 0.0 0.0 0.48 0.11 0.49 0.16 0.46 0.17 0.44 0.28 0.48 0.34 0.0 0.0 0.0 0.0 0.0 0.0 0.0 0.0 0.0 0.0 0.0 0.0 0.0 0.0 0.0 0.0 0.0 0.0 0.47 0.1 0.48 0.09 0.0 0.0 0.49 0.09
0.48 0.12 0.49 0.17 0.46 0.17 0.44 0.28 0.48 0.35 0.0 0.0 0.0 0.0 0.0 0.0 0.0 0.0 0.0 0.0 0.0 0.0 0.0 0.0 0.0 0.0 0.0 0.0 0.48 0.11 0.49 0.1 0.0 0.0 0.0 0.0 0.24 0.08 0.21 0.17 0.2 0.19 0.24 0.28 0.27 0.2 0.23 0.15 0.0 0.0 0.0 0.0 0.0 0.0 0.0 0.0 0.0 0.0 0.0 0.0 0.0 0.0 0.0 0.0 0.24 0.07 0.0 0.0 0.22 0.08 0.0 0.0
0.24 0.08 0.21 0.16 0.2 0.19 0.23 0.28 0.26 0.2 0.24 0.15 0.0 0.0 0.0 0.0 0.23 0.38 0.0 0.0 0.0 0.0 0.27 0.35 0.0 0.0 0.0 0.0 0.24 0.07 0.0 0.0 0.22 0.08 0.0 0.0
0.24 0.09 0.21 0.17 0.19 0.2 0.21 0.28 0.26 0.21 0.24 0.15 0.0 0.0 0.0 0.0 0.23 0.38 0.0 0.0 0.0 0.0 0.27 0.36 0.0 0.0 0.0 0.0 0.24 0.07 0.0 0.0 0.22 0.08 0.0 0.0
0.25 0.09 0.22 0.17 0.19 0.19 0.21 0.28 0.25 0.22 0.24 0.15 0.0 0.0 0.0 0.0 0.23 0.38 0.0 0.0 0.0 0.0 0.27 0.36 0.0 0.0 0.0 0.0 0.24 0.07 0.0 0.0 0.23 0.09 0.0 0.0 0.49 0.13 0.49 0.2 0.46 0.2 0.45 0.32 0.45 0.38 0.0 0.0 0.0 0.0 0.0 0.0 0.48 0.44 0.0 0.0 0.0 0.0 0.0 0.0 0.0 0.0 0.0 0.0 0.48 0.11 0.49 0.11 0.0 0.0 0.0 0.0
0.26 0.09 0.23 0.17 0.2 0.19 0.2 0.28 0.24 0.22 0.25 0.16 0.0 0.0 0.0 0.0 0.23 0.38 0.0 0.0 0.0 0.0 0.27 0.36 0.0 0.0 0.0 0.0 0.25 0.08 0.0 0.0 0.23 0.09 0.0 0.0 0.48 0.12 0.49 0.19 0.46 0.19 0.44 0.32 0.44 0.37 0.0 0.0 0.0 0.0 0.0 0.0 0.0 0.0 0.0 0.0 0.0 0.0 0.0 0.0 0.0 0.0 0.0 0.0 0.48 0.11 0.49 0.11 0.0 0.0 0.0 0.0
0.26 0.09 0.23 0.17 0.2 0.19 0.2 0.28 0.24 0.22 0.26 0.16 0.0 0.0 0.0 0.0 0.23 0.38 0.0 0.0 0.0 0.0 0.28 0.37 0.0 0.0 0.0 0.0 0.26 0.08 0.0 0.0 0.23 0.09 0.0 0.0 0.48 0.11 0.49 0.19 0.45 0.17 0.43 0.28 0.43 0.34 0.0 0.0 0.0 0.0 0.0 0.0 0.46 0.37 0.0 0.0 0.0 0.0 0.0 0.0 0.0 0.0 0.0 0.0 0.48 0.1 0.49 0.1 0.0 0.0 0.0 0.0
0.26 0.09 0.23 0.17 0.2 0.19 0.2 0.29 0.24 0.21 0.26 0.16 0.0 0.0 0.0 0.0 0.23 0.39 0.0 0.0 0.0 0.0 0.27 0.38 0.0 0.0 0.0 0.0 0.26 0.08 0.0 0.0 0.24 0.09 0.0 0.0 0.48 0.1 0.49 0.15 0.46 0.15 0.43 0.25 0.42 0.31 0.0 0.0 0.0 0.0 0.0 0.0 0.46 0.34 0.0 0.0 0.0 0.0 0.0 0.0 0.0 0.0 0.0 0.0 0.47 0.09 0.48 0.09 0.0 0.0 0.49 0.09
0.47 0.09 0.48 0.15 0.45 0.15 0.43 0.22 0.41 0.27 0.49 0.15 0.49 0.23 0.45 0.17 0.45 0.32 0.44 0.42 0.0 0.0 0.49 0.32 0.0 0.0 0.0 0.0 0.46 0.08 0.48 0.08 0.0 0.0 0.49 0.08 0.27 0.1 0.23 0.19 0.2 0.19 0.2 0.29 0.24 0.21 0.27 0.17 0.0 0.0 0.0 0.0 0.23 0.39 0.0 0.0 0.0 0.0 0.28 0.38 0.0 0.0 0.0 0.0 0.26 0.09 0.0 0.0 0.24 0.1 0.0 0.0
0.46 0.08 0.48 0.14 0.45 0.14 0.43 0.22 0.4 0.26 0.49 0.14 0.48 0.23 0.44 0.19 0.45 0.31 0.0 0.0 0.0 0.0 0.0 0.0 0.0 0.0 0.0 0.0 0.46 0.07 0.47 0.07 0.0 0.0 0.49 0.08 0.27 0.11 0.24 0.19 0.21 0.2 0.2 0.29 0.24 0.22 0.27 0.19 0.0 0.0 0.0 0.0 0.23 0.39 0.0 0.0 0.0 0.0 0.28 0.39 0.0 0.0 0.0 0.0 0.27 0.1 0.0 0.0 0.24 0.11 0.0 0.0
