0.21 0.12 0.21 0.15 0.2 0.15 0.19 0.21 0.0 0.0 0.23 0.14 0.24 0.19 0.24 0.23 0.21 0.24 0.2 0.31 0.2 0.36 0.23 0.23 0.24 0.29 0.24 0.36 0.21 0.11 0.21 0.11 0.2 0.12 0.0 0.0 0.32 0.11 0.34 0.14 0.32 0.14 0.31 0.21 0.32 0.16 0.35 0.14 0.35 0.2 0.32 0.21 0.33 0.23 0.32 0.29 0.32 0.36 0.34 0.23 0.32 0.29 0.32 0.36 0.0 0.0 0.32 0.1 0.0 0.0 0.34 0.11
0.22 0.11 0.21 0.15 0.2 0.15 0.19 0.22 0.19 0.21 0.23 0.14 0.24 0.19 0.24 0.22 0.21 0.24 0.2 0.29 0.2 0.36 0.23 0.24 0.24 0.29 0.24 0.36 0.21 0.11 0.0 0.0 0.21 0.12 0.0 0.0 0.32 0.11 0.34 0.14 0.32 0.14 0.32 0.17 0.33 0.15 0.35 0.14 0.34 0.19 0.31 0.19 0.32 0.22 0.29 0.24 0.29 0.29 0.34 0.23 0.32 0.29 0.32 0.36 0.0 0.0 0.32 0.1 0.0 0.0 0.34 0.11
0.32 0.11 0.34 0.13 0.33 0.13 0.31 0.16 0.31 0.15 0.35 0.14 0.34 0.17 0.31 0.15 0.32 0.22 0.28 0.23 0.0 0.0 0.34 0.23 0.32 0.29 0.32 0.36 0.0 0.0 0.32 0.1 0.0 0.0 0.34 0.1 0.23 0.11 0.21 0.14 0.2 0.15 0.19 0.21 0.0 0.0 0.23 0.14 0.24 0.19 0.24 0.16 0.21 0.24 0.2 0.29 0.2 0.36 0.24 0.23 0.24 0.29 0.24 0.36 0.22 0.11 0.0 0.0 0.21 0.12 0.0 0.0
0.32 0.1 0.34 0.13 0.33 0.13 0.31 0.14 0.31 0.13 0.34 0.13 0.32 0.15 0.31 0.12 0.32 0.22 0.27 0.22 0.0 0.0 0.33 0.23 0.32 0.29 0.32 0.36 0.0 0.0 0.32 0.09 0.0 0.0 0.34 0.09 0.23 0.11 0.21 0.14 0.2 0.15 0.2 0.21 0.0 0.0 0.23 0.14 0.24 0.19 0.25 0.23 0.21 0.24 0.2 0.29 0.2 0.36 0.24 0.23 0.24 0.29 0.24 0.36 0.22 0.11 0.0 0.0 0.21 0.11 0.0 0.0
0.23 0.11 0.21 0.14 0.2 0.15 0.2 0.21 0.0 0.0 0.23 0.14 0.24 0.19 0.24 0.23 0.21 0.24 0.2 0.31 0.2 0.36 0.24 0.24 0.24 0.31 0.24 0.36 0.22 0.11 0.0 0.0 0.21 0.11 0.0 0.0 0.32 0.09 0.34 0.12 0.33 0.11 0.32 0.14 0.0 0.0 0.34 0.12 0.32 0.14 0.31 0.11 0.32 0.2 0.32 0.27 0.32 0.35 0.34 0.21 0.32 0.27 0.32 0.36 0.0 0.0 0.32 0.08 0.0 0.0 0.33 0.09
0.23 0.11 0.22 0.14 0.2 0.15 0.2 0.21 0.0 0.0 0.23 0.14 0.24 0.19 0.24 0.16 0.21 0.23 0.2 0.29 0.2 0.36 0.24 0.23 0.24 0.29 0.24 0.36 0.23 0.11 0.23 0.1 0.21 0.11 0.0 0.0 0.32 0.08 0.34 0.11 0.34 0.1 0.31 0.12 0.3 0.1 0.34 0.11 0.31 0.12 0.3 0.1 0.32 0.21 0.32 0.28 0.32 0.35 0.33 0.21 0.32 0.28 0.32 0.36 0.0 0.0 0.32 0.08 0.0 0.0 0.33 0.08
0.23 0.11 0.22 0.14 0.2 0.14 0.2 0.19 0.2 0.2 0.23 0.14 0.24 0.19 0.24 0.22 0.21 0.23 0.21 0.29 0.2 0.36 0.24 0.23 0.24 0.29 0.24 0.36 0.23 0.11 0.0 0.0 0.21 0.11 0.0 0.0 0.32 0.07 0.34 0.1 0.0 0.0 0.0 0.0 0.0 0.0 0.34 0.1 0.31 0.12 0.29 0.1 0.33 0.2 0.32 0.26 0.32 0.33 0.33 0.2 0.32 0.26 0.32 0.34 0.0 0.0 0.32 0.07 0.0 0.0 0.33 0.07
0.23 0.11 0.22 0.14 0.2 0.14 0.2 0.19 0.2 0.2 0.24 0.14 0.24 0.19 0.24 0.22 0.21 0.23 0.21 0.29 0.2 0.36 0.24 0.23 0.24 0.29 0.24 0.36 0.23 0.11 0.23 0.1 0.21 0.11 0.0 0.0 0.32 0.07 0.34 0.09 0.0 0.0 0.0 0.0 0.0 0.0 0.34 0.09 0.31 0.12 0.29 0.11 0.32 0.19 0.31 0.25 0.31 0.31 0.32 0.19 0.31 0.25 0.31 0.32 0.0 0.0 0.32 0.06 0.0 0.0 0.33 0.06
0.23 0.11 0.22 0.14 0.2 0.14 0.2 0.19 0.2 0.2 0.24 0.14 0.24 0.19 0.0 0.0 0.21 0.23 0.21 0.29 0.2 0.36 0.24 0.23 0.24 0.29 0.24 0.36 0.23 0.11 0.23 0.1 0.21 0.11 0.0 0.0 0.32 0.07 0.34 0.09 0.34 0.09 0.0 0.0 0.0 0.0 0.33 0.09 0.31 0.12 0.29 0.13 0.33 0.19 0.29 0.23 0.31 0.29 0.32 0.19 0.28 0.2 0.26 0.23 0.0 0.0 0.32 0.06 0.0 0.0 0.33 0.06
0.23 0.11 0.22 0.14 0.2 0.14 0.2 0.19 0.2 0.2 0.24 0.14 0.24 0.19 0.0 0.0 0.21 0.24 0.21 0.29 0.2 0.36 0.24 0.24 0.24 0.31 0.24 0.36 0.23 0.11 0.23 0.1 0.22 0.11 0.0 0.0 0.32 0.07 0.34 0.09 0.35 0.09 0.0 0.0 0.0 0.0 0.33 0.09 0.31 0.13 0.29 0.16 0.33 0.19 0.28 0.21 0.31 0.25 0.32 0.19 0.28 0.21 0.31 0.26 0.0 0.0 0.32 0.06 0.0 0.0 0.33 0.06
0.32 0.07 0.34 0.09 0.34 0.09 0.0 0.0 0.0 0.0 0.32 0.09 0.32 0.13 0.31 0.17 0.33 0.19 0.3 0.23 0.28 0.28 0.31 0.17 0.27 0.2 0.0 0.0 0.0 0.0 0.32 0.06 0.0 0.0 0.33 0.06 0.23 0.11 0.22 0.14 0.2 0.14 0.2 0.19 0.2 0.21 0.24 0.14 0.24 0.19 0.25 0.23 0.21 0.24 0.21 0.31 0.2 0.37 0.24 0.24 0.24 0.31 0.24 0.36 0.23 0.11 0.23 0.1 0.22 0.11 0.0 0.0
0.32 0.07 0.34 0.09 0.35 0.09 0.0 0.0 0.0 0.0 0.32 0.09 0.31 0.15 0.0 0.0 0.33 0.19 0.31 0.24 0.29 0.31 0.32 0.19 0.3 0.24 0.29 0.31 0.0 0.0 0.32 0.06 0.0 0.0 0.33 0.07 0.23 0.11 0.22 0.14 0.2 0.14 0.2 0.19 0.2 0.21 0.24 0.14 0.24 0.19 0.24 0.22 0.21 0.24 0.2 0.31 0.2 0.37 0.23 0.24 0.24 0.31 0.24 0.37 0.23 0.11 0.23 0.1 0.22 0.11 0.0 0.0
0.23 0.11 0.22 0.14 0.2 0.14 0.2 0.19 0.2 0.21 0.24 0.14 0.24 0.19 0.24 0.17 0.21 0.24 0.21 0.31 0.2 0.37 0.23 0.24 0.24 0.31 0.24 0.37 0.23 0.11 0.23 0.1 0.21 0.11 0.0 0.0 0.32 0.07 0.34 0.09 0.34 0.09 0.31 0.1 0.3 0.09 0.32 0.1 0.32 0.14 0.32 0.17 0.33 0.19 0.31 0.25 0.3 0.32 0.32 0.19 0.31 0.24 0.3 0.32 0.0 0.0 0.32 0.07 0.0 0.0 0.33 0.07
0.23 0.11 0.22 0.14 0.2 0.14 0.2 0.19 0.2 0.21 0.24 0.14 0.24 0.19 0.24 0.19 0.21 0.24 0.2 0.31 0.2 0.37 0.23 0.24 0.24 0.31 0.24 0.36 0.23 0.11 0.23 0.1 0.21 0.11 0.0 0.0 0.32 0.08 0.34 0.1 0.34 0.1 0.31 0.11 0.3 0.1 0.32 0.1 0.32 0.14 0.32 0.19 0.32 0.2 0.31 0.27 0.31 0.35 0.32 0.2 0.31 0.27 0.31 0.35 0.0 0.0 0.32 0.07 0.0 0.0 0.33 0.08
0.23 0.11 0.22 0.14 0.2 0.14 0.2 0.17 0.2 0.21 0.23 0.14 0.24 0.19 0.24 0.2 0.21 0.24 0.2 0.31 0.2 0.37 0.23 0.24 0.24 0.31 0.24 0.37 0.23 0.11 0.0 0.0 0.21 0.11 0.0 0.0 0.32 0.09 0.34 0.11 0.34 0.11 0.32 0.12 0.31 0.1 0.33 0.11 0.32 0.15 0.32 0.2 0.33 0.21 0.31 0.28 0.31 0.36 0.32 0.21 0.31 0.28 0.31 0.36 0.0 0.0 0.32 0.08 0.0 0.0 0.33 0.08
0.23 0.11 0.22 0.14 0.2 0.14 0.19 0.17 0.2 0.21 0.23 0.14 0.24 0.19 0.24 0.2 0.21 0.24 0.2 0.31 0.2 0.37 0.23 0.24 0.24 0.31 0.24 0.37 0.23 0.11 0.0 0.0 0.21 0.11 0.0 0.0 0.32 0.1 0.34 0.12 0.34 0.12 0.32 0.13 0.31 0.11 0.32 0.12 0.32 0.16 0.32 0.21 0.32 0.22 0.31 0.28 0.32 0.35 0.32 0.21 0.31 0.28 0.31 0.37 0.0 0.0 0.32 0.09 0.0 0.0 0.33 0.09
0.32 0.1 0.33 0.13 0.34 0.13 0.0 0.0 0.0 0.0 0.32 0.13 0.32 0.17 0.31 0.22 0.32 0.22 0.31 0.29 0.32 0.36 0.31 0.22 0.31 0.29 0.32 0.37 0.0 0.0 0.32 0.1 0.0 0.0 0.33 0.1 0.23 0.11 0.22 0.15 0.2 0.14 0.19 0.19 0.2 0.21 0.23 0.14 0.24 0.2 0.24 0.23 0.21 0.24 0.2 0.31 0.2 0.37 0.23 0.24 0.24 0.31 0.24 0.37 0.23 0.11 0.0 0.0 0.21 0.11 0.0 0.0
0.23 0.12 0.21 0.15 0.2 0.15 0.19 0.19 0.2 0.21 0.23 0.15 0.24 0.2 0.24 0.23 0.21 0.24 0.2 0.31 0.19 0.38 0.23 0.24 0.23 0.31 0.24 0.37 0.23 0.11 0.23 0.11 0.21 0.11 0.0 0.0 0.32 0.11 0.33 0.13 0.34 0.13 0.31 0.16 0.31 0.15 0.32 0.13 0.32 0.17 0.31 0.23 0.32 0.23 0.31 0.31 0.31 0.37 0.31 0.23 0.31 0.31 0.32 0.38 0.0 0.0 0.32 0.1 0.0 0.0 0.33 0.11
0.23 0.12 0.21 0.15 0.2 0.15 0.19 0.19 0.2 0.22 0.23 0.15 0.24 0.2 0.24 0.23 0.21 0.24 0.2 0.31 0.19 0.38 0.23 0.24 0.23 0.31 0.24 0.37 0.23 0.11 0.23 0.11 0.21 0.11 0.0 0.0 0.32 0.12 0.33 0.14 0.34 0.14 0.31 0.16 0.31 0.15 0.32 0.14 0.31 0.19 0.31 0.23 0.32 0.23 0.31 0.31 0.31 0.38 0.31 0.23 0.31 0.31 0.31 0.38 0.0 0.0 0.32 0.11 0.0 0.0 0.33 0.11
0.23 0.12 0.21 0.15 0.2 0.15 0.19 0.2 0.19 0.22 0.23 0.15 0.24 0.2 0.24 0.24 0.2 0.24 0.2 0.32 0.19 0.38 0.23 0.24 0.23 0.32 0.24 0.37 0.22 0.11 0.23 0.11 0.21 0.12 0.0 0.0 0.32 0.12 0.33 0.15 0.34 0.15 0.0 0.0 0.0 0.0 0.32 0.15 0.31 0.2 0.29 0.24 0.32 0.24 0.31 0.31 0.31 0.38 0.31 0.24 0.27 0.24 0.27 0.29 0.0 0.0 0.32 0.11 0.0 0.0 0.33 0.12
0.23 0.12 0.21 0.15 0.2 0.15 0.19 0.2 0.19 0.22 0.23 0.15 0.24 0.2 0.24 0.23 0.2 0.25 0.2 0.32 0.19 0.38 0.23 0.25 0.23 0.32 0.24 0.37 0.22 0.12 0.23 0.11 0.21 0.12 0.0 0.0 0.31 0.12 0.33 0.15 0.34 0.15 0.0 0.0 0.0 0.0 0.32 0.15 0.31 0.2 0.29 0.23 0.32 0.25 0.31 0.32 0.31 0.38 0.31 0.24 0.27 0.25 0.27 0.32 0.0 0.0 0.32 0.11 0.0 0.0 0.32 0.12
0.23 0.12 0.21 0.15 0.2 0.15 0.19 0.2 0.19 0.22 0.23 0.15 0.24 0.2 0.24 0.24 0.2 0.24 0.2 0.32 0.19 0.37 0.23 0.25 0.23 0.32 0.24 0.37 0.22 0.12 0.23 0.11 0.21 0.12 0.0 0.0 0.31 0.12 0.33 0.15 0.34 0.15 0.34 0.2 0.0 0.0 0.32 0.15 0.31 0.2 0.29 0.24 0.32 0.25 0.31 0.32 0.31 0.38 0.3 0.24 0.27 0.27 0.27 0.35 0.0 0.0 0.32 0.11 0.0 0.0 0.32 0.12
0.23 0.12 0.21 0.15 0.2 0.15 0.18 0.2 0.19 0.22 0.23 0.15 0.24 0.2 0.24 0.24 0.2 0.25 0.2 0.32 0.19 0.38 0.23 0.25 0.23 0.32 0.24 0.37 0.22 0.12 0.0 0.0 0.21 0.12 0.0 0.0 0.31 0.12 0.32 0.15 0.34 0.15 0.34 0.2 0.0 0.0 0.31 0.14 0.3 0.2 0.29 0.23 0.32 0.25 0.31 0.32 0.31 0.38 0.3 0.24 0.27 0.29 0.27 0.36 0.0 0.0 0.31 0.11 0.0 0.0 0.32 0.11
0.31 0.12 0.32 0.15 0.34 0.15 0.0 0.0 0.0 0.0 0.31 0.14 0.3 0.19 0.28 0.23 0.32 0.25 0.31 0.32 0.31 0.38 0.3 0.24 0.27 0.29 0.27 0.37 0.0 0.0 0.31 0.11 0.0 0.0 0.32 0.11 0.23 0.12 0.21 0.15 0.2 0.15 0.18 0.2 0.19 0.22 0.23 0.15 0.24 0.2 0.24 0.24 0.2 0.25 0.2 0.32 0.19 0.38 0.23 0.25 0.23 0.32 0.24 0.37 0.22 0.12 0.22 0.11 0.21 0.12 0.0 0.0
0.31 0.11 0.32 0.15 0.34 0.15 0.34 0.19 0.0 0.0 0.31 0.14 0.29 0.2 0.28 0.23 0.32 0.25 0.31 0.32 0.31 0.38 0.3 0.24 0.27 0.31 0.26 0.38 0.0 0.0 0.31 0.11 0.0 0.0 0.32 0.11 0.22 0.12 0.21 0.15 0.2 0.15 0.18 0.2 0.19 0.22 0.23 0.15 0.24 0.2 0.24 0.23 0.2 0.25 0.19 0.32 0.18 0.38 0.23 0.25 0.23 0.32 0.24 0.38 0.22 0.12 0.22 0.11 0.21 0.12 0.0 0.0
0.31 0.11 0.32 0.15 0.34 0.15 0.34 0.2 0.0 0.0 0.31 0.14 0.29 0.2 0.27 0.23 0.32 0.25 0.31 0.32 0.31 0.39 0.29 0.24 0.28 0.31 0.27 0.38 0.0 0.0 0.31 0.11 0.0 0.0 0.32 0.11 0.22 0.12 0.21 0.15 0.19 0.15 0.18 0.2 0.19 0.22 0.23 0.15 0.23 0.2 0.24 0.24 0.2 0.25 0.19 0.32 0.18 0.38 0.23 0.25 0.23 0.32 0.24 0.38 0.21 0.12 0.0 0.0 0.2 0.12 0.0 0.0
0.31 0.11 0.32 0.15 0.34 0.15 0.34 0.21 0.0 0.0 0.31 0.14 0.29 0.2 0.27 0.23 0.32 0.25 0.31 0.32 0.31 0.39 0.29 0.24 0.28 0.32 0.27 0.39 0.0 0.0 0.31 0.11 0.0 0.0 0.32 0.11 0.22 0.12 0.21 0.15 0.19 0.15 0.18 0.2 0.18 0.22 0.23 0.15 0.23 0.2 0.24 0.24 0.2 0.25 0.19 0.32 0.18 0.38 0.22 0.25 0.23 0.32 0.24 0.38 0.21 0.12 0.0 0.0 0.2 0.12 0.0 0.0
