0.37 0.08 0.4 0.12 0.38 0.12 0.37 0.16 0.34 0.22 0.42 0.11 0.42 0.16 0.38 0.16 0.37 0.24 0.32 0.24 0.0 0.0 0.4 0.25 0.38 0.34 0.38 0.44 0.0 0.0 0.37 0.08 0.0 0.0 0.39 0.07 0.21 0.11 0.22 0.15 0.21 0.15 0.0 0.0 0.0 0.0 0.24 0.14 0.24 0.21 0.21 0.23 0.24 0.25 0.25 0.33 0.0 0.0 0.26 0.24 0.23 0.32 0.28 0.37 0.21 0.1 0.21 0.1 0.0 0.0 0.23 0.11
0.37 0.08 0.4 0.12 0.38 0.12 0.36 0.2 0.34 0.22 0.42 0.11 0.42 0.16 0.38 0.16 0.37 0.24 0.0 0.0 0.0 0.0 0.4 0.25 0.38 0.34 0.38 0.44 0.0 0.0 0.38 0.08 0.0 0.0 0.39 0.07 0.21 0.11 0.22 0.15 0.2 0.15 0.21 0.23 0.0 0.0 0.24 0.14 0.24 0.21 0.21 0.23 0.25 0.25 0.25 0.33 0.0 0.0 0.26 0.24 0.23 0.32 0.29 0.36 0.21 0.1 0.21 0.1 0.21 0.1 0.23 0.11
0.21 0.11 0.22 0.15 0.2 0.15 0.0 0.0 0.0 0.0 0.24 0.14 0.25 0.21 0.22 0.23 0.24 0.25 0.24 0.32 0.0 0.0 0.26 0.24 0.25 0.31 0.3 0.33 0.21 0.1 0.22 0.1 0.21 0.1 0.23 0.11 0.37 0.09 0.4 0.12 0.38 0.12 0.36 0.2 0.33 0.22 0.42 0.12 0.42 0.17 0.38 0.15 0.38 0.25 0.0 0.0 0.0 0.0 0.4 0.25 0.38 0.34 0.38 0.44 0.0 0.0 0.38 0.08 0.0 0.0 0.39 0.07
0.22 0.11 0.22 0.15 0.2 0.15 0.21 0.21 0.0 0.0 0.24 0.14 0.26 0.21 0.22 0.23 0.24 0.25 0.0 0.0 0.0 0.0 0.26 0.24 0.26 0.31 0.27 0.45 0.21 0.1 0.22 0.1 0.21 0.1 0.23 0.11 0.37 0.09 0.4 0.12 0.38 0.12 0.37 0.19 0.35 0.21 0.42 0.12 0.42 0.17 0.38 0.15 0.38 0.24 0.0 0.0 0.0 0.0 0.4 0.25 0.38 0.34 0.38 0.42 0.0 0.0 0.38 0.08 0.0 0.0 0.39 0.08
0.22 0.11 0.22 0.15 0.2 0.15 0.0 0.0 0.0 0.0 0.24 0.14 0.26 0.2 0.22 0.23 0.25 0.25 0.26 0.36 0.27 0.45 0.27 0.24 0.26 0.31 0.0 0.0 0.21 0.1 0.23 0.1 0.21 0.1 0.23 0.11 0.38 0.09 0.4 0.12 0.38 0.12 0.37 0.19 0.36 0.21 0.42 0.12 0.42 0.17 0.38 0.15 0.38 0.24 0.37 0.33 0.0 0.0 0.4 0.25 0.38 0.34 0.38 0.44 0.0 0.0 0.38 0.08 0.0 0.0 0.39 0.08
0.22 0.11 0.22 0.15 0.2 0.15 0.0 0.0 0.0 0.0 0.24 0.14 0.26 0.2 0.22 0.23 0.24 0.25 0.26 0.33 0.27 0.45 0.27 0.23 0.26 0.31 0.27 0.45 0.22 0.1 0.23 0.11 0.21 0.1 0.23 0.11 0.38 0.09 0.4 0.12 0.38 0.12 0.37 0.19 0.36 0.21 0.42 0.12 0.42 0.19 0.37 0.15 0.38 0.25 0.37 0.34 0.0 0.0 0.4 0.25 0.38 0.34 0.38 0.44 0.0 0.0 0.38 0.08 0.0 0.0 0.39 0.08
0.23 0.11 0.22 0.15 0.2 0.15 0.0 0.0 0.0 0.0 0.24 0.14 0.26 0.2 0.23 0.23 0.25 0.26 0.26 0.35 0.27 0.45 0.27 0.24 0.27 0.29 0.33 0.27 0.22 0.1 0.23 0.11 0.21 0.1 0.23 0.11 0.38 0.09 0.4 0.12 0.38 0.12 0.37 0.19 0.36 0.22 0.42 0.12 0.42 0.19 0.38 0.15 0.38 0.25 0.37 0.34 0.38 0.42 0.4 0.25 0.38 0.34 0.38 0.44 0.0 0.0 0.38 0.08 0.0 0.0 0.4 0.08
0.23 0.11 0.23 0.15 0.2 0.15 0.0 0.0 0.0 0.0 0.24 0.14 0.27 0.19 0.24 0.23 0.25 0.27 0.26 0.36 0.27 0.45 0.27 0.24 0.29 0.29 0.34 0.22 0.22 0.1 0.23 0.11 0.21 0.11 0.23 0.11 0.38 0.09 0.4 0.12 0.38 0.12 0.37 0.15 0.0 0.0 0.42 0.13 0.41 0.19 0.38 0.15 0.37 0.24 0.0 0.0 0.0 0.0 0.4 0.25 0.38 0.34 0.38 0.44 0.0 0.0 0.38 0.08 0.0 0.0 0.4 0.08
0.38 0.09 0.4 0.13 0.38 0.12 0.36 0.2 0.0 0.0 0.42 0.13 0.42 0.19 0.38 0.15 0.37 0.24 0.0 0.0 0.0 0.0 0.4 0.26 0.38 0.34 0.38 0.44 0.0 0.0 0.38 0.08 0.0 0.0 0.4 0.08 0.23 0.11 0.23 0.15 0.2 0.15 0.0 0.0 0.0 0.0 0.24 0.14 0.27 0.19 0.24 0.23 0.25 0.27 0.26 0.36 0.27 0.45 0.27 0.24 0.3 0.28 0.0 0.0 0.23 0.11 0.23 0.11 0.21 0.11 0.24 0.11
0.23 0.11 0.23 0.15 0.2 0.15 0.0 0.0 0.0 0.0 0.24 0.15 0.27 0.19 0.24 0.23 0.25 0.27 0.27 0.36 0.27 0.45 0.27 0.26 0.26 0.36 0.27 0.45 0.23 0.11 0.23 0.11 0.21 0.11 0.24 0.11 0.38 0.09 0.4 0.13 0.38 0.12 0.36 0.2 0.37 0.16 0.42 0.13 0.41 0.2 0.38 0.15 0.37 0.25 0.0 0.0 0.0 0.0 0.4 0.26 0.38 0.34 0.38 0.44 0.0 0.0 0.38 0.08 0.0 0.0 0.4 0.08
0.38 0.09 0.4 0.13 0.38 0.12 0.36 0.19 0.36 0.22 0.42 0.13 0.41 0.2 0.38 0.15 0.37 0.24 0.0 0.0 0.0 0.0 0.4 0.26 0.38 0.35 0.38 0.45 0.0 0.0 0.38 0.08 0.0 0.0 0.4 0.08 0.23 0.11 0.23 0.15 0.2 0.15 0.0 0.0 0.0 0.0 0.24 0.15 0.27 0.19 0.25 0.23 0.25 0.27 0.26 0.36 0.27 0.45 0.27 0.25 0.26 0.36 0.27 0.45 0.23 0.11 0.0 0.0 0.21 0.11 0.0 0.0
0.38 0.09 0.4 0.13 0.38 0.12 0.36 0.19 0.37 0.15 0.42 0.13 0.41 0.2 0.38 0.15 0.37 0.25 0.0 0.0 0.0 0.0 0.4 0.26 0.0 0.0 0.0 0.0 0.0 0.0 0.38 0.08 0.0 0.0 0.4 0.08 0.23 0.12 0.23 0.15 0.2 0.15 0.0 0.0 0.0 0.0 0.24 0.14 0.27 0.19 0.25 0.23 0.26 0.27 0.26 0.36 0.27 0.45 0.27 0.24 0.32 0.26 0.0 0.0 0.23 0.11 0.23 0.11 0.21 0.11 0.0 0.0
0.38 0.09 0.4 0.13 0.38 0.12 0.0 0.0 0.0 0.0 0.42 0.14 0.41 0.2 0.38 0.16 0.38 0.26 0.37 0.38 0.37 0.45 0.4 0.26 0.38 0.38 0.38 0.45 0.0 0.0 0.38 0.09 0.0 0.0 0.4 0.08 0.23 0.12 0.23 0.15 0.21 0.15 0.0 0.0 0.0 0.0 0.24 0.15 0.28 0.19 0.26 0.23 0.24 0.27 0.26 0.35 0.27 0.45 0.26 0.26 0.26 0.36 0.27 0.45 0.23 0.11 0.24 0.11 0.22 0.11 0.0 0.0
0.38 0.09 0.4 0.13 0.38 0.13 0.0 0.0 0.0 0.0 0.42 0.14 0.41 0.21 0.38 0.16 0.37 0.25 0.37 0.35 0.37 0.45 0.4 0.26 0.38 0.35 0.38 0.45 0.0 0.0 0.38 0.09 0.0 0.0 0.4 0.09 0.23 0.12 0.23 0.15 0.21 0.15 0.0 0.0 0.0 0.0 0.25 0.15 0.28 0.19 0.26 0.23 0.25 0.27 0.26 0.35 0.27 0.45 0.27 0.25 0.26 0.35 0.27 0.45 0.23 0.11 0.24 0.11 0.22 0.11 0.0 0.0
0.38 0.09 0.4 0.13 0.38 0.12 0.0 0.0 0.0 0.0 0.42 0.13 0.41 0.21 0.38 0.16 0.37 0.25 0.37 0.35 0.37 0.45 0.4 0.26 0.38 0.35 0.37 0.45 0.0 0.0 0.38 0.09 0.0 0.0 0.4 0.09 0.23 0.12 0.23 0.15 0.2 0.16 0.21 0.22 0.0 0.0 0.25 0.15 0.28 0.19 0.26 0.23 0.25 0.28 0.26 0.36 0.27 0.45 0.27 0.26 0.27 0.36 0.27 0.45 0.23 0.11 0.24 0.11 0.22 0.11 0.0 0.0
0.38 0.09 0.4 0.13 0.38 0.12 0.0 0.0 0.0 0.0 0.42 0.13 0.41 0.21 0.39 0.16 0.37 0.24 0.37 0.33 0.37 0.45 0.4 0.25 0.38 0.34 0.37 0.45 0.0 0.0 0.39 0.09 0.0 0.0 0.4 0.09 0.23 0.12 0.23 0.15 0.21 0.16 0.21 0.22 0.0 0.0 0.25 0.15 0.28 0.19 0.26 0.23 0.24 0.27 0.26 0.36 0.27 0.45 0.27 0.26 0.26 0.36 0.27 0.45 0.23 0.11 0.24 0.11 0.22 0.11 0.0 0.0
0.38 0.09 0.4 0.13 0.38 0.12 0.0 0.0 0.0 0.0 0.42 0.14 0.41 0.21 0.39 0.16 0.37 0.24 0.0 0.0 0.0 0.0 0.4 0.25 0.38 0.34 0.37 0.45 0.0 0.0 0.39 0.09 0.0 0.0 0.4 0.09 0.23 0.12 0.23 0.15 0.21 0.16 0.21 0.22 0.23 0.25 0.25 0.15 0.28 0.19 0.27 0.23 0.25 0.27 0.26 0.35 0.27 0.45 0.27 0.25 0.26 0.35 0.27 0.45 0.23 0.11 0.24 0.11 0.22 0.11 0.0 0.0
0.24 0.12 0.23 0.16 0.21 0.16 0.21 0.23 0.22 0.24 0.25 0.15 0.29 0.19 0.27 0.23 0.26 0.27 0.26 0.36 0.27 0.45 0.28 0.25 0.26 0.36 0.27 0.45 0.23 0.11 0.24 0.11 0.22 0.11 0.0 0.0 0.38 0.1 0.41 0.13 0.39 0.12 0.0 0.0 0.0 0.0 0.42 0.14 0.41 0.22 0.39 0.16 0.38 0.22 0.37 0.15 0.0 0.0 0.4 0.24 0.38 0.34 0.37 0.45 0.0 0.0 0.39 0.09 0.0 0.0 0.4 0.09
0.24 0.12 0.23 0.16 0.21 0.16 0.21 0.23 0.0 0.0 0.25 0.15 0.29 0.19 0.27 0.23 0.26 0.27 0.26 0.36 0.27 0.45 0.28 0.24 0.26 0.36 0.27 0.45 0.23 0.11 0.24 0.11 0.22 0.11 0.0 0.0 0.39 0.1 0.41 0.13 0.39 0.12 0.0 0.0 0.0 0.0 0.42 0.14 0.41 0.22 0.39 0.16 0.38 0.21 0.0 0.0 0.0 0.0 0.4 0.23 0.33 0.22 0.0 0.0 0.0 0.0 0.39 0.09 0.0 0.0 0.41 0.09
0.24 0.12 0.23 0.16 0.21 0.17 0.21 0.23 0.21 0.28 0.25 0.15 0.29 0.19 0.27 0.23 0.25 0.27 0.0 0.0 0.0 0.0 0.28 0.25 0.26 0.36 0.27 0.45 0.23 0.11 0.0 0.0 0.22 0.11 0.0 0.0 0.39 0.1 0.41 0.13 0.4 0.12 0.0 0.0 0.0 0.0 0.43 0.14 0.41 0.22 0.39 0.17 0.38 0.21 0.38 0.15 0.33 0.22 0.41 0.23 0.0 0.0 0.0 0.0 0.0 0.0 0.39 0.09 0.0 0.0 0.41 0.09
0.24 0.12 0.23 0.16 0.21 0.17 0.21 0.24 0.21 0.28 0.25 0.15 0.29 0.19 0.27 0.23 0.26 0.27 0.0 0.0 0.0 0.0 0.28 0.25 0.26 0.36 0.27 0.45 0.23 0.11 0.0 0.0 0.22 0.12 0.0 0.0 0.39 0.1 0.41 0.13 0.39 0.12 0.0 0.0 0.0 0.0 0.43 0.14 0.41 0.22 0.4 0.17 0.37 0.23 0.37 0.15 0.33 0.22 0.39 0.25 0.37 0.35 0.37 0.45 0.0 0.0 0.4 0.1 0.0 0.0 0.41 0.1
0.24 0.12 0.23 0.16 0.21 0.17 0.21 0.23 0.21 0.26 0.25 0.15 0.29 0.19 0.27 0.23 0.26 0.27 0.26 0.36 0.27 0.45 0.28 0.25 0.26 0.36 0.27 0.45 0.23 0.11 0.0 0.0 0.22 0.12 0.0 0.0 0.39 0.1 0.41 0.13 0.39 0.12 0.37 0.15 0.0 0.0 0.43 0.14 0.42 0.22 0.4 0.17 0.37 0.23 0.0 0.0 0.0 0.0 0.39 0.25 0.37 0.36 0.37 0.45 0.0 0.0 0.4 0.1 0.0 0.0 0.41 0.1
0.4 0.11 0.41 0.14 0.39 0.12 0.37 0.15 0.38 0.16 0.43 0.15 0.42 0.22 0.4 0.19 0.37 0.22 0.34 0.23 0.0 0.0 0.39 0.25 0.37 0.34 0.37 0.45 0.0 0.0 0.4 0.1 0.0 0.0 0.42 0.1 0.24 0.12 0.23 0.16 0.21 0.17 0.2 0.24 0.21 0.29 0.25 0.15 0.29 0.19 0.28 0.22 0.26 0.27 0.26 0.36 0.27 0.45 0.28 0.26 0.26 0.36 0.27 0.45 0.23 0.12 0.0 0.0 0.22 0.12 0.0 0.0
0.4 0.11 0.41 0.14 0.39 0.12 0.37 0.15 0.38 0.16 0.43 0.15 0.42 0.22 0.4 0.19 0.37 0.23 0.37 0.16 0.0 0.0 0.39 0.25 0.37 0.35 0.37 0.45 0.0 0.0 0.4 0.1 0.0 0.0 0.42 0.1 0.24 0.12 0.23 0.16 0.21 0.17 0.2 0.24 0.0 0.0 0.25 0.15 0.29 0.19 0.28 0.23 0.26 0.27 0.26 0.36 0.27 0.45 0.29 0.25 0.26 0.36 0.27 0.45 0.23 0.12 0.0 0.0 0.22 0.12 0.0 0.0
0.4 0.11 0.42 0.14 0.39 0.13 0.37 0.16 0.38 0.17 0.43 0.15 0.42 0.22 0.4 0.19 0.37 0.23 0.0 0.0 0.0 0.0 0.4 0.25 0.37 0.34 0.37 0.45 0.0 0.0 0.4 0.11 0.0 0.0 0.42 0.1 0.24 0.13 0.23 0.16 0.21 0.17 0.21 0.25 0.21 0.31 0.25 0.15 0.29 0.19 0.28 0.22 0.26 0.27 0.26 0.36 0.27 0.45 0.29 0.24 0.34 0.23 0.0 0.0 0.23 0.12 0.24 0.12 0.22 0.12 0.0 0.0
0.4 0.11 0.42 0.14 0.4 0.12 0.37 0.16 0.34 0.2 0.43 0.15 0.42 0.22 0.4 0.19 0.38 0.23 0.0 0.0 0.0 0.0 0.4 0.26 0.37 0.35 0.37 0.45 0.0 0.0 0.4 0.11 0.0 0.0 0.42 0.1 0.24 0.13 0.23 0.16 0.21 0.17 0.21 0.25 0.21 0.31 0.25 0.15 0.29 0.19 0.28 0.22 0.26 0.27 0.26 0.36 0.27 0.45 0.29 0.25 0.26 0.36 0.27 0.45 0.23 0.12 0.24 0.12 0.22 0.12 0.0 0.0
0.4 0.11 0.42 0.14 0.4 0.12 0.37 0.16 0.34 0.2 0.43 0.15 0.42 0.22 0.4 0.19 0.37 0.24 0.0 0.0 0.0 0.0 0.4 0.26 0.37 0.36 0.37 0.45 0.0 0.0 0.4 0.11 0.0 0.0 0.42 0.11 0.24 0.13 0.23 0.16 0.21 0.17 0.21 0.25 0.21 0.31 0.25 0.15 0.29 0.19 0.28 0.22 0.26 0.28 0.26 0.36 0.27 0.45 0.29 0.25 0.0 0.0 0.0 0.0 0.23 0.12 0.24 0.12 0.22 0.12 0.0 0.0
0.4 0.11 0.42 0.14 0.4 0.13 0.37 0.16 0.34 0.19 0.43 0.15 0.43 0.22 0.41 0.19 0.37 0.23 0.33 0.24 0.0 0.0 0.39 0.26 0.37 0.35 0.37 0.45 0.0 0.0 0.4 0.11 0.0 0.0 0.42 0.11 0.24 0.13 0.23 0.16 0.21 0.17 0.21 0.25 0.21 0.32 0.25 0.15 0.29 0.19 0.28 0.22 0.26 0.28 0.26 0.36 0.27 0.45 0.29 0.25 0.0 0.0 0.0 0.0 0.23 0.12 0.24 0.12 0.22 0.12 0.0 0.0
0.4 0.11 0.42 0.14 0.4 0.12 0.37 0.15 0.34 0.19 0.43 0.16 0.43 0.22 0.42 0.19 0.36 0.22 0.33 0.25 0.0 0.0 0.39 0.25 0.37 0.35 0.37 0.45 0.0 0.0 0.41 0.11 0.0 0.0 0.42 0.11 0.24 0.13 0.23 0.16 0.21 0.17 0.21 0.25 0.21 0.31 0.25 0.15 0.29 0.19 0.28 0.22 0.26 0.27 0.26 0.36 0.27 0.45 0.29 0.25 0.26 0.36 0.27 0.45 0.23 0.12 0.24 0.12 0.22 0.12 0.0 0.0
0.4 0.11 0.42 0.14 0.4 0.13 0.37 0.15 0.34 0.17 0.43 0.16 0.43 0.23 0.42 0.19 0.37 0.22 0.33 0.25 0.0 0.0 0.39 0.25 0.38 0.34 0.37 0.45 0.0 0.0 0.41 0.11 0.0 0.0 0.42 0.11 0.24 0.13 0.23 0.16 0.21 0.19 0.21 0.25 0.21 0.32 0.25 0.15 0.29 0.19 0.28 0.23 0.26 0.27 0.26 0.36 0.26 0.45 0.29 0.25 0.26 0.36 0.27 0.45 0.23 0.12 0.24 0.12 0.22 0.12 0.0 0.0
0.4 0.12 0.42 0.14 0.4 0.12 0.37 0.15 0.34 0.17 0.44 0.16 0.43 0.23 0.42 0.19 0.37 0.23 0.36 0.2 0.33 0.25 0.4 0.26 0.37 0.34 0.37 0.45 0.4 0.11 0.41 0.11 0.0 0.0 0.42 0.11 0.24 0.13 0.23 0.16 0.21 0.19 0.21 0.25 0.21 0.32 0.25 0.15 0.29 0.19 0.28 0.22 0.26 0.28 0.26 0.37 0.26 0.45 0.29 0.24 0.33 0.25 0.31 0.36 0.23 0.12 0.24 0.12 0.22 0.13 0.0 0.0
0.41 0.12 0.42 0.14 0.4 0.13 0.37 0.15 0.34 0.16 0.43 0.15 0.43 0.23 0.42 0.2 0.37 0.23 0.36 0.2 0.33 0.25 0.4 0.26 0.37 0.34 0.37 0.45 0.0 0.0 0.41 0.11 0.0 0.0 0.43 0.11 0.24 0.13 0.23 0.16 0.21 0.19 0.21 0.25 0.21 0.32 0.25 0.15 0.29 0.19 0.28 0.22 0.26 0.28 0.26 0.37 0.26 0.45 0.29 0.25 0.33 0.26 0.31 0.37 0.24 0.12 0.24 0.12 0.22 0.13 0.0 0.0
0.41 0.11 0.42 0.14 0.4 0.13 0.37 0.14 0.34 0.16 0.44 0.15 0.44 0.23 0.42 0.2 0.37 0.24 0.0 0.0 0.0 0.0 0.4 0.26 0.37 0.35 0.36 0.45 0.0 0.0 0.42 0.11 0.0 0.0 0.43 0.11 0.24 0.13 0.23 0.16 0.21 0.19 0.21 0.25 0.21 0.32 0.25 0.15 0.28 0.19 0.28 0.22 0.26 0.27 0.26 0.36 0.26 0.45 0.29 0.24 0.33 0.27 0.33 0.38 0.24 0.13 0.24 0.12 0.22 0.13 0.0 0.0
0.41 0.11 0.42 0.14 0.4 0.12 0.37 0.14 0.34 0.16 0.44 0.15 0.44 0.23 0.43 0.2 0.37 0.24 0.33 0.29 0.34 0.39 0.4 0.26 0.37 0.33 0.36 0.45 0.41 0.1 0.42 0.11 0.0 0.0 0.43 0.11 0.24 0.13 0.23 0.16 0.21 0.19 0.21 0.25 0.21 0.32 0.25 0.15 0.28 0.19 0.28 0.22 0.26 0.27 0.26 0.36 0.26 0.45 0.28 0.24 0.32 0.27 0.0 0.0 0.24 0.13 0.24 0.12 0.22 0.13 0.0 0.0
0.41 0.11 0.42 0.14 0.4 0.12 0.37 0.14 0.34 0.16 0.44 0.15 0.45 0.23 0.43 0.2 0.37 0.23 0.34 0.31 0.35 0.41 0.4 0.26 0.37 0.34 0.36 0.44 0.0 0.0 0.42 0.11 0.0 0.0 0.43 0.11 0.24 0.13 0.23 0.16 0.21 0.19 0.21 0.25 0.22 0.31 0.25 0.15 0.28 0.19 0.28 0.22 0.26 0.28 0.26 0.37 0.26 0.45 0.28 0.25 0.32 0.27 0.0 0.0 0.24 0.13 0.24 0.12 0.22 0.13 0.0 0.0
0.24 0.13 0.23 0.17 0.21 0.19 0.21 0.25 0.22 0.31 0.25 0.15 0.28 0.19 0.28 0.22 0.26 0.27 0.26 0.37 0.26 0.45 0.28 0.24 0.32 0.28 0.0 0.0 0.24 0.13 0.24 0.12 0.22 0.13 0.0 0.0 0.41 0.11 0.42 0.14 0.4 0.12 0.37 0.14 0.34 0.15 0.44 0.15 0.45 0.23 0.43 0.2 0.37 0.23 0.34 0.31 0.35 0.41 0.4 0.26 0.37 0.34 0.36 0.44 0.0 0.0 0.42 0.11 0.0 0.0 0.43 0.11
0.24 0.13 0.23 0.17 0.21 0.19 0.21 0.25 0.22 0.31 0.25 0.15 0.28 0.19 0.28 0.22 0.26 0.27 0.26 0.37 0.26 0.46 0.28 0.24 0.32 0.28 0.0 0.0 0.24 0.13 0.24 0.12 0.22 0.13 0.0 0.0 0.41 0.11 0.42 0.14 0.4 0.12 0.37 0.14 0.34 0.15 0.44 0.15 0.45 0.23 0.43 0.21 0.37 0.23 0.34 0.32 0.35 0.44 0.4 0.26 0.37 0.35 0.36 0.44 0.0 0.0 0.42 0.11 0.0 0.0 0.43 0.11
0.42 0.11 0.42 0.14 0.4 0.12 0.38 0.14 0.35 0.15 0.44 0.15 0.45 0.23 0.43 0.21 0.37 0.24 0.34 0.33 0.35 0.44 0.4 0.26 0.37 0.35 0.36 0.44 0.0 0.0 0.42 0.11 0.0 0.0 0.43 0.11 0.24 0.13 0.23 0.17 0.21 0.19 0.21 0.25 0.23 0.29 0.25 0.15 0.28 0.19 0.28 0.22 0.26 0.28 0.26 0.37 0.26 0.46 0.28 0.25 0.31 0.29 0.35 0.27 0.24 0.13 0.24 0.12 0.23 0.13 0.0 0.0
0.24 0.13 0.23 0.17 0.21 0.19 0.21 0.25 0.23 0.29 0.25 0.15 0.28 0.19 0.28 0.22 0.26 0.27 0.26 0.37 0.26 0.46 0.28 0.25 0.31 0.29 0.34 0.28 0.24 0.13 0.0 0.0 0.23 0.13 0.0 0.0 0.42 0.11 0.42 0.14 0.4 0.12 0.37 0.13 0.35 0.15 0.44 0.15 0.45 0.23 0.43 0.21 0.37 0.24 0.35 0.33 0.0 0.0 0.4 0.26 0.38 0.35 0.37 0.44 0.0 0.0 0.42 0.11 0.0 0.0 0.43 0.11
0.24 0.13 0.23 0.17 0.21 0.19 0.21 0.25 0.23 0.28 0.25 0.15 0.28 0.19 0.28 0.22 0.26 0.27 0.26 0.37 0.26 0.46 0.28 0.25 0.31 0.29 0.0 0.0 0.24 0.13 0.0 0.0 0.23 0.13 0.0 0.0 0.42 0.11 0.42 0.14 0.41 0.12 0.38 0.13 0.35 0.15 0.44 0.15 0.45 0.23 0.43 0.21 0.37 0.24 0.35 0.34 0.0 0.0 0.4 0.25 0.38 0.35 0.37 0.44 0.0 0.0 0.42 0.11 0.0 0.0 0.43 0.11
0.42 0.11 0.42 0.14 0.41 0.12 0.38 0.13 0.35 0.15 0.44 0.15 0.45 0.23 0.44 0.22 0.37 0.24 0.35 0.34 0.0 0.0 0.4 0.26 0.37 0.38 0.37 0.45 0.42 0.1 0.42 0.11 0.0 0.0 0.43 0.11 0.24 0.13 0.23 0.17 0.21 0.19 0.21 0.25 0.23 0.28 0.25 0.15 0.28 0.19 0.28 0.22 0.26 0.27 0.26 0.37 0.26 0.46 0.28 0.25 0.31 0.31 0.35 0.31 0.24 0.13 0.0 0.0 0.23 0.13 0.0 0.0
0.42 0.11 0.42 0.14 0.41 0.12 0.38 0.13 0.35 0.15 0.44 0.15 0.45 0.22 0.44 0.22 0.37 0.25 0.35 0.34 0.0 0.0 0.4 0.26 0.38 0.35 0.36 0.45 0.42 0.1 0.42 0.11 0.0 0.0 0.43 0.11 0.24 0.14 0.23 0.17 0.21 0.19 0.21 0.25 0.23 0.28 0.25 0.15 0.29 0.19 0.27 0.22 0.26 0.27 0.26 0.36 0.26 0.45 0.28 0.25 0.31 0.31 0.34 0.32 0.24 0.13 0.24 0.13 0.23 0.13 0.0 0.0
0.24 0.14 0.23 0.17 0.21 0.19 0.21 0.25 0.24 0.27 0.26 0.15 0.28 0.19 0.27 0.23 0.25 0.28 0.25 0.37 0.26 0.45 0.28 0.25 0.31 0.31 0.34 0.34 0.24 0.13 0.24 0.13 0.23 0.14 0.0 0.0 0.42 0.11 0.42 0.14 0.41 0.12 0.38 0.13 0.35 0.15 0.44 0.15 0.45 0.21 0.44 0.22 0.38 0.24 0.36 0.35 0.0 0.0 0.4 0.26 0.38 0.34 0.35 0.44 0.42 0.1 0.42 0.11 0.0 0.0 0.43 0.11
0.42 0.11 0.42 0.14 0.41 0.12 0.38 0.14 0.35 0.16 0.44 0.15 0.45 0.21 0.44 0.22 0.38 0.24 0.37 0.34 0.4 0.42 0.4 0.25 0.38 0.34 0.35 0.44 0.42 0.1 0.42 0.1 0.0 0.0 0.44 0.11 0.24 0.14 0.23 0.17 0.21 0.19 0.21 0.25 0.24 0.27 0.26 0.15 0.28 0.19 0.27 0.23 0.24 0.28 0.25 0.37 0.26 0.45 0.27 0.28 0.26 0.37 0.26 0.45 0.24 0.13 0.24 0.13 0.23 0.14 0.0 0.0
0.24 0.14 0.23 0.17 0.21 0.19 0.21 0.25 0.24 0.26 0.26 0.15 0.28 0.19 0.27 0.23 0.24 0.28 0.24 0.37 0.25 0.45 0.27 0.28 0.26 0.37 0.26 0.45 0.24 0.13 0.24 0.13 0.23 0.14 0.0 0.0 0.42 0.11 0.42 0.14 0.41 0.12 0.38 0.14 0.36 0.16 0.44 0.15 0.45 0.21 0.44 0.22 0.38 0.24 0.37 0.33 0.4 0.41 0.4 0.25 0.38 0.34 0.36 0.44 0.42 0.1 0.42 0.11 0.0 0.0 0.44 0.11
0.24 0.14 0.23 0.17 0.21 0.19 0.21 0.25 0.24 0.26 0.26 0.16 0.28 0.19 0.27 0.23 0.24 0.28 0.24 0.37 0.25 0.45 0.26 0.27 0.26 0.37 0.26 0.45 0.24 0.13 0.24 0.13 0.23 0.14 0.0 0.0 0.42 0.11 0.42 0.14 0.41 0.12 0.38 0.14 0.36 0.16 0.44 0.15 0.45 0.21 0.44 0.22 0.38 0.24 0.37 0.34 0.4 0.41 0.4 0.25 0.38 0.34 0.36 0.44 0.42 0.1 0.42 0.11 0.0 0.0 0.44 0.11
0.24 0.14 0.23 0.17 0.21 0.19 0.21 0.25 0.24 0.25 0.26 0.15 0.28 0.19 0.27 0.23 0.24 0.28 0.24 0.37 0.25 0.45 0.27 0.27 0.26 0.37 0.26 0.45 0.24 0.13 0.24 0.13 0.23 0.14 0.0 0.0 0.42 0.11 0.42 0.14 0.41 0.12 0.38 0.14 0.36 0.17 0.44 0.15 0.45 0.21 0.44 0.22 0.38 0.24 0.38 0.33 0.4 0.41 0.42 0.25 0.39 0.34 0.36 0.44 0.42 0.1 0.43 0.11 0.0 0.0 0.44 0.11
0.24 0.14 0.23 0.17 0.21 0.19 0.21 0.25 0.24 0.24 0.26 0.15 0.29 0.19 0.27 0.23 0.25 0.28 0.25 0.37 0.25 0.46 0.28 0.25 0.3 0.33 0.33 0.4 0.24 0.13 0.24 0.13 0.23 0.14 0.0 0.0 0.42 0.11 0.43 0.14 0.41 0.12 0.38 0.14 0.36 0.17 0.45 0.16 0.45 0.21 0.44 0.22 0.39 0.25 0.38 0.34 0.4 0.42 0.42 0.26 0.4 0.34 0.37 0.44 0.42 0.1 0.43 0.11 0.0 0.0 0.44 0.11
0.24 0.14 0.23 0.17 0.21 0.19 0.22 0.25 0.24 0.24 0.26 0.15 0.28 0.19 0.27 0.23 0.25 0.28 0.25 0.37 0.25 0.46 0.28 0.26 0.3 0.33 0.33 0.4 0.24 0.13 0.24 0.13 0.23 0.14 0.0 0.0 0.42 0.11 0.42 0.14 0.41 0.12 0.38 0.15 0.37 0.17 0.45 0.16 0.45 0.21 0.44 0.22 0.39 0.25 0.38 0.35 0.4 0.42 0.42 0.26 0.4 0.35 0.37 0.44 0.42 0.1 0.43 0.11 0.0 0.0 0.44 0.11
0.24 0.14 0.23 0.17 0.21 0.19 0.22 0.25 0.24 0.24 0.26 0.15 0.28 0.19 0.27 0.23 0.25 0.28 0.25 0.37 0.25 0.46 0.28 0.26 0.3 0.33 0.32 0.41 0.24 0.13 0.24 0.13 0.23 0.14 0.0 0.0 0.42 0.11 0.42 0.14 0.4 0.12 0.38 0.15 0.37 0.19 0.45 0.16 0.45 0.21 0.44 0.22 0.39 0.25 0.38 0.34 0.4 0.42 0.42 0.26 0.4 0.35 0.37 0.44 0.42 0.1 0.43 0.11 0.0 0.0 0.44 0.11
0.42 0.11 0.42 0.14 0.4 0.13 0.38 0.15 0.37 0.19 0.45 0.16 0.45 0.22 0.43 0.22 0.39 0.25 0.38 0.33 0.4 0.42 0.42 0.26 0.4 0.34 0.37 0.42 0.42 0.1 0.43 0.11 0.0 0.0 0.44 0.12 0.25 0.14 0.23 0.17 0.21 0.19 0.22 0.25 0.24 0.24 0.26 0.15 0.29 0.19 0.27 0.23 0.25 0.28 0.24 0.37 0.25 0.46 0.28 0.26 0.3 0.33 0.32 0.41 0.24 0.13 0.24 0.13 0.23 0.14 0.0 0.0
0.25 0.14 0.23 0.17 0.21 0.19 0.22 0.25 0.24 0.23 0.26 0.15 0.29 0.2 0.27 0.23 0.25 0.29 0.24 0.37 0.25 0.46 0.28 0.27 0.3 0.33 0.32 0.41 0.24 0.13 0.24 0.13 0.23 0.14 0.0 0.0 0.42 0.11 0.43 0.14 0.4 0.13 0.38 0.15 0.37 0.19 0.45 0.16 0.45 0.22 0.43 0.22 0.39 0.25 0.38 0.33 0.4 0.42 0.42 0.26 0.4 0.34 0.38 0.42 0.42 0.1 0.43 0.11 0.0 0.0 0.44 0.12
0.25 0.13 0.23 0.17 0.21 0.19 0.22 0.25 0.24 0.23 0.26 0.15 0.29 0.2 0.27 0.23 0.25 0.28 0.24 0.37 0.24 0.46 0.28 0.27 0.3 0.35 0.31 0.44 0.24 0.13 0.0 0.0 0.23 0.14 0.0 0.0 0.42 0.11 0.43 0.14 0.4 0.13 0.37 0.16 0.37 0.2 0.45 0.16 0.45 0.21 0.44 0.22 0.39 0.26 0.38 0.35 0.4 0.44 0.42 0.26 0.41 0.35 0.38 0.45 0.42 0.1 0.43 0.11 0.0 0.0 0.44 0.11
0.25 0.13 0.23 0.17 0.21 0.19 0.22 0.25 0.24 0.23 0.26 0.15 0.29 0.2 0.27 0.23 0.25 0.29 0.24 0.37 0.24 0.46 0.28 0.27 0.3 0.35 0.31 0.44 0.24 0.13 0.0 0.0 0.23 0.14 0.0 0.0 0.42 0.11 0.43 0.14 0.4 0.13 0.37 0.16 0.37 0.2 0.45 0.16 0.45 0.22 0.44 0.22 0.4 0.26 0.38 0.34 0.4 0.42 0.42 0.26 0.42 0.35 0.39 0.44 0.42 0.1 0.43 0.11 0.0 0.0 0.44 0.12
0.42 0.11 0.43 0.14 0.4 0.13 0.38 0.16 0.37 0.2 0.45 0.15 0.45 0.22 0.44 0.22 0.4 0.26 0.38 0.35 0.4 0.42 0.43 0.26 0.42 0.35 0.39 0.44 0.42 0.1 0.43 0.11 0.0 0.0 0.44 0.11 0.25 0.13 0.23 0.17 0.21 0.17 0.22 0.24 0.24 0.22 0.26 0.16 0.29 0.2 0.27 0.24 0.25 0.29 0.24 0.38 0.24 0.46 0.27 0.27 0.3 0.35 0.31 0.45 0.24 0.13 0.0 0.0 0.23 0.14 0.0 0.0
0.42 0.11 0.43 0.14 0.4 0.13 0.38 0.16 0.37 0.21 0.45 0.15 0.45 0.22 0.44 0.22 0.4 0.26 0.38 0.35 0.4 0.42 0.43 0.26 0.42 0.35 0.4 0.42 0.42 0.1 0.43 0.11 0.0 0.0 0.44 0.11 0.25 0.14 0.24 0.17 0.21 0.17 0.23 0.25 0.24 0.22 0.26 0.16 0.29 0.2 0.27 0.24 0.24 0.29 0.24 0.38 0.24 0.46 0.27 0.27 0.3 0.36 0.31 0.45 0.24 0.13 0.25 0.13 0.23 0.14 0.0 0.0
0.42 0.11 0.43 0.14 0.41 0.13 0.38 0.16 0.37 0.21 0.45 0.15 0.45 0.22 0.44 0.22 0.4 0.26 0.38 0.34 0.4 0.42 0.43 0.27 0.42 0.35 0.4 0.42 0.42 0.1 0.43 0.11 0.0 0.0 0.44 0.11 0.25 0.14 0.24 0.17 0.21 0.17 0.23 0.25 0.24 0.22 0.26 0.16 0.29 0.2 0.27 0.24 0.24 0.29 0.24 0.38 0.24 0.46 0.27 0.27 0.3 0.36 0.31 0.45 0.24 0.13 0.25 0.13 0.23 0.14 0.0 0.0
0.43 0.11 0.43 0.14 0.41 0.13 0.38 0.17 0.38 0.22 0.45 0.15 0.45 0.21 0.44 0.22 0.4 0.26 0.38 0.35 0.4 0.42 0.43 0.26 0.42 0.35 0.4 0.42 0.42 0.1 0.43 0.11 0.0 0.0 0.44 0.11 0.25 0.14 0.24 0.16 0.21 0.17 0.23 0.24 0.25 0.22 0.26 0.16 0.29 0.2 0.27 0.24 0.24 0.29 0.24 0.38 0.24 0.46 0.27 0.27 0.29 0.36 0.31 0.45 0.24 0.13 0.25 0.13 0.23 0.13 0.0 0.0
0.43 0.11 0.43 0.14 0.41 0.13 0.38 0.17 0.38 0.22 0.45 0.15 0.46 0.21 0.44 0.22 0.4 0.26 0.38 0.34 0.4 0.42 0.43 0.26 0.43 0.35 0.4 0.42 0.42 0.1 0.43 0.11 0.0 0.0 0.44 0.11 0.25 0.14 0.24 0.16 0.21 0.17 0.23 0.24 0.25 0.22 0.26 0.16 0.29 0.21 0.27 0.24 0.24 0.29 0.24 0.37 0.24 0.46 0.27 0.27 0.29 0.36 0.31 0.45 0.24 0.13 0.25 0.13 0.23 0.13 0.0 0.0
0.43 0.11 0.43 0.14 0.41 0.13 0.38 0.17 0.38 0.22 0.45 0.15 0.46 0.21 0.44 0.22 0.4 0.26 0.38 0.34 0.39 0.42 0.43 0.27 0.43 0.35 0.41 0.42 0.43 0.1 0.43 0.1 0.0 0.0 0.44 0.11 0.25 0.13 0.24 0.16 0.21 0.17 0.23 0.24 0.25 0.22 0.26 0.16 0.29 0.21 0.27 0.24 0.24 0.28 0.24 0.36 0.24 0.46 0.27 0.27 0.29 0.36 0.31 0.45 0.24 0.13 0.0 0.0 0.23 0.13 0.0 0.0
0.43 0.11 0.43 0.14 0.41 0.13 0.38 0.17 0.38 0.22 0.45 0.15 0.46 0.21 0.44 0.22 0.4 0.26 0.38 0.34 0.4 0.42 0.43 0.27 0.43 0.35 0.42 0.42 0.43 0.1 0.43 0.1 0.0 0.0 0.44 0.11 0.25 0.14 0.24 0.16 0.21 0.17 0.23 0.24 0.25 0.22 0.26 0.16 0.29 0.21 0.27 0.25 0.24 0.29 0.24 0.37 0.24 0.46 0.27 0.28 0.29 0.36 0.3 0.45 0.24 0.13 0.25 0.13 0.23 0.13 0.0 0.0
0.43 0.11 0.43 0.14 0.41 0.13 0.38 0.17 0.38 0.22 0.45 0.15 0.46 0.21 0.45 0.22 0.4 0.26 0.38 0.34 0.4 0.42 0.43 0.26 0.43 0.35 0.42 0.42 0.43 0.1 0.43 0.1 0.0 0.0 0.45 0.11 0.25 0.13 0.24 0.16 0.21 0.17 0.23 0.24 0.25 0.22 0.26 0.16 0.29 0.21 0.27 0.25 0.24 0.29 0.24 0.37 0.24 0.46 0.27 0.28 0.29 0.37 0.3 0.45 0.24 0.13 0.0 0.0 0.23 0.14 0.0 0.0
0.43 0.1 0.43 0.14 0.41 0.13 0.38 0.17 0.38 0.22 0.45 0.15 0.46 0.21 0.45 0.21 0.4 0.26 0.38 0.34 0.4 0.42 0.43 0.26 0.43 0.35 0.43 0.42 0.0 0.0 0.43 0.1 0.0 0.0 0.45 0.1 0.26 0.13 0.24 0.16 0.22 0.17 0.23 0.24 0.25 0.22 0.26 0.16 0.29 0.21 0.28 0.25 0.24 0.28 0.24 0.37 0.24 0.46 0.28 0.27 0.29 0.36 0.3 0.44 0.25 0.13 0.0 0.0 0.23 0.13 0.0 0.0
0.43 0.1 0.43 0.14 0.41 0.13 0.38 0.17 0.39 0.22 0.45 0.15 0.46 0.21 0.45 0.21 0.4 0.26 0.38 0.34 0.4 0.42 0.43 0.26 0.44 0.35 0.43 0.41 0.43 0.09 0.43 0.1 0.0 0.0 0.45 0.1 0.26 0.13 0.24 0.16 0.22 0.17 0.23 0.24 0.25 0.22 0.26 0.16 0.29 0.21 0.28 0.25 0.24 0.28 0.24 0.37 0.24 0.46 0.27 0.27 0.29 0.36 0.3 0.44 0.25 0.13 0.0 0.0 0.23 0.13 0.0 0.0
0.43 0.1 0.43 0.14 0.41 0.13 0.39 0.17 0.39 0.22 0.45 0.14 0.46 0.21 0.45 0.21 0.41 0.26 0.38 0.34 0.39 0.42 0.44 0.26 0.45 0.35 0.43 0.41 0.43 0.09 0.43 0.1 0.0 0.0 0.45 0.1 0.26 0.13 0.24 0.16 0.22 0.17 0.23 0.24 0.25 0.22 0.26 0.16 0.29 0.21 0.28 0.25 0.24 0.28 0.23 0.36 0.24 0.45 0.28 0.27 0.29 0.36 0.3 0.44 0.25 0.13 0.26 0.12 0.23 0.13 0.0 0.0
0.43 0.1 0.43 0.13 0.41 0.13 0.39 0.17 0.39 0.22 0.45 0.14 0.46 0.21 0.45 0.21 0.41 0.26 0.38 0.35 0.39 0.42 0.44 0.26 0.45 0.34 0.44 0.41 0.43 0.09 0.43 0.1 0.0 0.0 0.45 0.1 0.26 0.13 0.24 0.16 0.22 0.17 0.23 0.24 0.25 0.22 0.26 0.16 0.29 0.21 0.28 0.25 0.24 0.28 0.24 0.36 0.24 0.46 0.28 0.27 0.29 0.36 0.3 0.45 0.25 0.13 0.26 0.12 0.23 0.13 0.0 0.0
0.26 0.13 0.24 0.16 0.22 0.17 0.23 0.24 0.25 0.22 0.26 0.16 0.29 0.21 0.28 0.26 0.24 0.28 0.24 0.36 0.24 0.46 0.28 0.27 0.29 0.36 0.3 0.45 0.25 0.13 0.26 0.12 0.23 0.13 0.0 0.0 0.43 0.1 0.43 0.13 0.42 0.12 0.39 0.17 0.39 0.23 0.45 0.14 0.46 0.2 0.45 0.21 0.41 0.26 0.39 0.34 0.39 0.42 0.44 0.26 0.46 0.35 0.45 0.4 0.43 0.09 0.43 0.1 0.0 0.0 0.45 0.1
0.43 0.1 0.43 0.13 0.42 0.12 0.4 0.17 0.4 0.22 0.46 0.14 0.47 0.2 0.45 0.2 0.42 0.26 0.39 0.34 0.39 0.42 0.45 0.26 0.46 0.34 0.45 0.41 0.43 0.09 0.43 0.09 0.0 0.0 0.45 0.1 0.26 0.13 0.24 0.16 0.22 0.16 0.23 0.24 0.25 0.22 0.26 0.16 0.29 0.22 0.28 0.26 0.24 0.28 0.24 0.36 0.23 0.45 0.28 0.27 0.29 0.36 0.3 0.45 0.25 0.13 0.26 0.12 0.23 0.13 0.0 0.0
0.26 0.13 0.24 0.16 0.22 0.16 0.23 0.24 0.25 0.22 0.27 0.16 0.29 0.22 0.28 0.26 0.24 0.28 0.23 0.36 0.23 0.45 0.28 0.27 0.29 0.36 0.3 0.45 0.25 0.13 0.26 0.12 0.24 0.13 0.0 0.0 0.43 0.1 0.43 0.13 0.42 0.12 0.4 0.17 0.4 0.22 0.46 0.14 0.47 0.2 0.45 0.2 0.42 0.25 0.39 0.34 0.39 0.44 0.45 0.26 0.46 0.34 0.46 0.4 0.43 0.09 0.43 0.09 0.0 0.0 0.45 0.1
0.26 0.13 0.24 0.16 0.22 0.16 0.23 0.24 0.25 0.22 0.27 0.16 0.29 0.22 0.28 0.26 0.24 0.28 0.23 0.37 0.23 0.45 0.28 0.27 0.29 0.36 0.29 0.45 0.25 0.13 0.26 0.12 0.24 0.13 0.0 0.0 0.43 0.1 0.44 0.13 0.42 0.12 0.4 0.17 0.4 0.22 0.46 0.14 0.47 0.2 0.45 0.2 0.42 0.25 0.39 0.34 0.39 0.44 0.45 0.25 0.46 0.34 0.46 0.41 0.43 0.09 0.43 0.09 0.0 0.0 0.45 0.1
0.26 0.13 0.24 0.16 0.22 0.16 0.23 0.23 0.25 0.22 0.27 0.16 0.29 0.22 0.28 0.26 0.24 0.28 0.23 0.37 0.23 0.46 0.28 0.27 0.29 0.36 0.29 0.45 0.25 0.12 0.26 0.12 0.24 0.13 0.0 0.0 0.43 0.1 0.44 0.13 0.42 0.12 0.4 0.17 0.4 0.22 0.46 0.14 0.47 0.2 0.45 0.2 0.42 0.25 0.4 0.35 0.39 0.44 0.45 0.25 0.47 0.34 0.46 0.41 0.43 0.09 0.43 0.09 0.0 0.0 0.45 0.09
0.26 0.13 0.24 0.16 0.22 0.16 0.23 0.23 0.25 0.22 0.27 0.16 0.29 0.22 0.28 0.26 0.24 0.28 0.23 0.37 0.23 0.46 0.28 0.27 0.29 0.36 0.29 0.45 0.25 0.12 0.26 0.12 0.24 0.13 0.0 0.0 0.43 0.1 0.44 0.13 0.42 0.12 0.4 0.17 0.4 0.22 0.46 0.13 0.48 0.2 0.45 0.2 0.42 0.25 0.4 0.34 0.39 0.44 0.45 0.26 0.47 0.34 0.47 0.42 0.43 0.09 0.44 0.09 0.0 0.0 0.45 0.09
0.26 0.13 0.24 0.16 0.22 0.16 0.23 0.23 0.25 0.22 0.27 0.15 0.29 0.22 0.28 0.26 0.24 0.28 0.23 0.37 0.23 0.46 0.28 0.27 0.29 0.36 0.29 0.45 0.26 0.12 0.26 0.12 0.24 0.13 0.0 0.0 0.43 0.1 0.44 0.13 0.42 0.12 0.4 0.17 0.4 0.22 0.46 0.13 0.48 0.2 0.45 0.2 0.42 0.25 0.4 0.34 0.39 0.44 0.45 0.25 0.48 0.34 0.48 0.42 0.43 0.09 0.44 0.09 0.0 0.0 0.45 0.09
0.26 0.13 0.24 0.16 0.22 0.16 0.23 0.23 0.25 0.22 0.27 0.15 0.29 0.22 0.28 0.26 0.24 0.28 0.23 0.37 0.23 0.46 0.28 0.27 0.29 0.36 0.29 0.45 0.26 0.12 0.26 0.12 0.24 0.13 0.0 0.0 0.43 0.1 0.44 0.13 0.42 0.12 0.4 0.17 0.41 0.22 0.46 0.13 0.48 0.2 0.45 0.2 0.42 0.25 0.4 0.34 0.39 0.44 0.45 0.25 0.48 0.34 0.48 0.41 0.43 0.09 0.44 0.09 0.0 0.0 0.45 0.09
0.26 0.13 0.24 0.16 0.22 0.16 0.23 0.23 0.25 0.22 0.27 0.15 0.29 0.22 0.28 0.26 0.24 0.28 0.23 0.37 0.23 0.46 0.27 0.27 0.29 0.36 0.29 0.45 0.26 0.12 0.26 0.12 0.24 0.12 0.0 0.0 0.43 0.09 0.44 0.13 0.42 0.12 0.4 0.17 0.41 0.23 0.46 0.13 0.48 0.2 0.45 0.2 0.42 0.25 0.4 0.34 0.39 0.44 0.45 0.25 0.48 0.34 0.0 0.0 0.0 0.0 0.44 0.09 0.0 0.0 0.45 0.09
0.43 0.1 0.44 0.13 0.42 0.13 0.4 0.17 0.41 0.23 0.46 0.13 0.48 0.2 0.46 0.2 0.42 0.26 0.4 0.34 0.39 0.42 0.45 0.25 0.48 0.33 0.0 0.0 0.43 0.09 0.44 0.09 0.0 0.0 0.45 0.09 0.26 0.13 0.24 0.15 0.22 0.16 0.23 0.23 0.25 0.22 0.27 0.15 0.29 0.22 0.28 0.26 0.24 0.28 0.23 0.37 0.23 0.45 0.27 0.27 0.29 0.36 0.29 0.45 0.26 0.12 0.26 0.12 0.24 0.12 0.0 0.0
0.43 0.1 0.44 0.13 0.42 0.13 0.4 0.17 0.41 0.22 0.46 0.13 0.48 0.2 0.46 0.2 0.43 0.25 0.4 0.34 0.39 0.42 0.46 0.25 0.48 0.33 0.0 0.0 0.43 0.09 0.44 0.09 0.0 0.0 0.45 0.09 0.26 0.13 0.24 0.15 0.22 0.16 0.23 0.23 0.25 0.21 0.27 0.15 0.29 0.21 0.28 0.26 0.24 0.28 0.23 0.37 0.23 0.45 0.27 0.27 0.29 0.36 0.29 0.45 0.26 0.12 0.26 0.12 0.24 0.12 0.0 0.0
0.43 0.1 0.45 0.13 0.42 0.13 0.41 0.17 0.41 0.22 0.46 0.13 0.48 0.2 0.46 0.2 0.43 0.25 0.4 0.34 0.39 0.42 0.46 0.25 0.0 0.0 0.0 0.0 0.43 0.09 0.44 0.09 0.0 0.0 0.45 0.09 0.26 0.12 0.24 0.15 0.22 0.15 0.23 0.23 0.25 0.21 0.27 0.15 0.29 0.21 0.28 0.26 0.24 0.28 0.23 0.37 0.23 0.45 0.27 0.27 0.29 0.36 0.29 0.45 0.26 0.12 0.26 0.11 0.24 0.12 0.0 0.0
0.44 0.1 0.45 0.13 0.42 0.13 0.41 0.17 0.42 0.23 0.46 0.13 0.48 0.2 0.46 0.2 0.43 0.26 0.4 0.34 0.4 0.42 0.46 0.26 0.48 0.34 0.0 0.0 0.43 0.09 0.44 0.09 0.0 0.0 0.45 0.1 0.26 0.12 0.24 0.15 0.22 0.15 0.23 0.23 0.26 0.21 0.27 0.15 0.29 0.22 0.28 0.26 0.24 0.27 0.23 0.37 0.23 0.45 0.27 0.27 0.29 0.36 0.29 0.45 0.26 0.12 0.26 0.11 0.24 0.12 0.0 0.0
0.44 0.1 0.45 0.13 0.42 0.13 0.41 0.19 0.42 0.23 0.46 0.13 0.48 0.2 0.46 0.2 0.43 0.26 0.4 0.34 0.4 0.42 0.46 0.26 0.48 0.34 0.0 0.0 0.43 0.09 0.44 0.09 0.0 0.0 0.45 0.1 0.26 0.12 0.24 0.15 0.22 0.15 0.23 0.23 0.26 0.21 0.27 0.15 0.29 0.22 0.28 0.25 0.24 0.27 0.23 0.37 0.23 0.45 0.27 0.27 0.29 0.36 0.29 0.45 0.26 0.12 0.26 0.11 0.24 0.12 0.0 0.0
