0.16 0.09 0.13 0.13 0.15 0.13 0.17 0.2 0.18 0.16 0.12 0.13 0.1 0.17 0.0 0.0 0.15 0.27 0.16 0.37 0.17 0.46 0.12 0.26 0.11 0.37 0.1 0.46 0.16 0.09 0.0 0.0 0.15 0.09 0.0 0.0 0.31 0.09 0.32 0.13 0.3 0.11 0.27 0.16 0.0 0.0 0.34 0.14 0.32 0.2 0.29 0.14 0.27 0.22 0.0 0.0 0.0 0.0 0.29 0.26 0.28 0.36 0.27 0.45 0.0 0.0 0.31 0.08 0.0 0.0 0.32 0.08
0.15 0.1 0.12 0.14 0.14 0.14 0.15 0.22 0.17 0.17 0.1 0.14 0.09 0.19 0.0 0.0 0.13 0.28 0.15 0.4 0.0 0.0 0.1 0.28 0.1 0.4 0.08 0.49 0.15 0.09 0.0 0.0 0.13 0.1 0.0 0.0 0.31 0.09 0.32 0.13 0.3 0.12 0.27 0.17 0.26 0.21 0.34 0.15 0.32 0.21 0.29 0.14 0.26 0.23 0.0 0.0 0.0 0.0 0.29 0.27 0.28 0.37 0.27 0.48 0.0 0.0 0.31 0.08 0.0 0.0 0.32 0.09
0.31 0.09 0.32 0.14 0.3 0.12 0.27 0.17 0.26 0.22 0.35 0.15 0.32 0.22 0.29 0.15 0.26 0.24 0.0 0.0 0.0 0.0 0.29 0.28 0.28 0.39 0.0 0.0 0.0 0.0 0.31 0.08 0.0 0.0 0.33 0.09 0.13 0.1 0.11 0.14 0.13 0.14 0.14 0.23 0.16 0.19 0.09 0.14 0.07 0.21 0.0 0.0 0.12 0.31 0.14 0.42 0.0 0.0 0.09 0.29 0.08 0.42 0.0 0.0 0.13 0.09 0.0 0.0 0.12 0.1 0.0 0.0
0.31 0.09 0.32 0.14 0.3 0.13 0.27 0.2 0.0 0.0 0.35 0.16 0.32 0.23 0.29 0.15 0.26 0.25 0.0 0.0 0.0 0.0 0.29 0.31 0.0 0.0 0.0 0.0 0.0 0.0 0.31 0.08 0.0 0.0 0.33 0.09 0.12 0.1 0.1 0.15 0.12 0.15 0.13 0.24 0.15 0.19 0.07 0.15 0.05 0.21 0.0 0.0 0.1 0.32 0.12 0.46 0.0 0.0 0.07 0.32 0.06 0.49 0.0 0.0 0.12 0.09 0.0 0.0 0.1 0.1 0.0 0.0
0.31 0.1 0.33 0.15 0.31 0.13 0.27 0.21 0.0 0.0 0.35 0.17 0.32 0.24 0.29 0.16 0.26 0.27 0.0 0.0 0.0 0.0 0.29 0.32 0.0 0.0 0.0 0.0 0.0 0.0 0.31 0.09 0.0 0.0 0.33 0.09 0.11 0.1 0.08 0.15 0.11 0.16 0.12 0.25 0.13 0.2 0.06 0.15 0.03 0.22 0.0 0.0 0.09 0.34 0.0 0.0 0.0 0.0 0.05 0.34 0.0 0.0 0.0 0.0 0.11 0.1 0.0 0.0 0.09 0.1 0.0 0.0
0.31 0.1 0.33 0.15 0.31 0.14 0.27 0.22 0.0 0.0 0.36 0.17 0.33 0.25 0.29 0.16 0.26 0.28 0.0 0.0 0.0 0.0 0.29 0.33 0.0 0.0 0.0 0.0 0.0 0.0 0.32 0.09 0.0 0.0 0.34 0.09 0.1 0.11 0.07 0.16 0.1 0.16 0.1 0.26 0.13 0.21 0.04 0.15 0.0 0.0 0.0 0.0 0.08 0.35 0.0 0.0 0.0 0.0 0.04 0.35 0.0 0.0 0.0 0.0 0.1 0.1 0.0 0.0 0.08 0.1 0.0 0.0
0.31 0.1 0.34 0.16 0.31 0.14 0.26 0.23 0.0 0.0 0.37 0.19 0.33 0.26 0.29 0.17 0.26 0.29 0.0 0.0 0.0 0.0 0.29 0.33 0.0 0.0 0.0 0.0 0.0 0.0 0.32 0.09 0.0 0.0 0.34 0.09 0.09 0.11 0.06 0.17 0.09 0.17 0.09 0.27 0.12 0.22 0.02 0.16 0.0 0.0 0.0 0.0 0.07 0.37 0.0 0.0 0.0 0.0 0.02 0.38 0.0 0.0 0.0 0.0 0.09 0.1 0.0 0.0 0.07 0.11 0.0 0.0
0.31 0.1 0.34 0.16 0.31 0.14 0.26 0.23 0.0 0.0 0.37 0.19 0.33 0.26 0.29 0.17 0.26 0.28 0.0 0.0 0.0 0.0 0.0 0.0 0.0 0.0 0.0 0.0 0.0 0.0 0.32 0.09 0.0 0.0 0.34 0.09 0.09 0.11 0.06 0.17 0.09 0.17 0.09 0.27 0.12 0.22 0.02 0.16 0.0 0.0 0.0 0.0 0.07 0.37 0.0 0.0 0.0 0.0 0.02 0.37 0.0 0.0 0.0 0.0 0.09 0.1 0.0 0.0 0.07 0.11 0.0 0.0
0.31 0.1 0.34 0.16 0.31 0.14 0.26 0.23 0.0 0.0 0.37 0.19 0.33 0.26 0.29 0.17 0.26 0.28 0.0 0.0 0.0 0.0 0.0 0.0 0.0 0.0 0.0 0.0 0.0 0.0 0.32 0.09 0.0 0.0 0.34 0.09 0.09 0.11 0.06 0.17 0.09 0.17 0.09 0.27 0.12 0.22 0.02 0.16 0.0 0.0 0.0 0.0 0.07 0.36 0.0 0.0 0.0 0.0 0.02 0.37 0.0 0.0 0.0 0.0 0.09 0.1 0.0 0.0 0.07 0.11 0.0 0.0
0.31 0.1 0.34 0.16 0.31 0.14 0.26 0.23 0.0 0.0 0.37 0.19 0.33 0.26 0.29 0.17 0.26 0.31 0.0 0.0 0.0 0.0 0.0 0.0 0.0 0.0 0.0 0.0 0.0 0.0 0.32 0.09 0.0 0.0 0.34 0.09 0.09 0.11 0.06 0.17 0.09 0.17 0.09 0.27 0.12 0.22 0.02 0.16 0.0 0.0 0.0 0.0 0.07 0.36 0.0 0.0 0.0 0.0 0.02 0.37 0.0 0.0 0.0 0.0 0.09 0.1 0.0 0.0 0.07 0.11 0.0 0.0
0.31 0.1 0.34 0.16 0.31 0.14 0.26 0.23 0.0 0.0 0.37 0.19 0.33 0.26 0.29 0.17 0.26 0.31 0.0 0.0 0.0 0.0 0.0 0.0 0.0 0.0 0.0 0.0 0.0 0.0 0.32 0.09 0.0 0.0 0.34 0.09 0.09 0.11 0.06 0.17 0.09 0.17 0.09 0.27 0.12 0.22 0.02 0.16 0.0 0.0 0.0 0.0 0.07 0.36 0.0 0.0 0.0 0.0 0.02 0.37 0.0 0.0 0.0 0.0 0.09 0.1 0.0 0.0 0.07 0.11 0.0 0.0
0.31 0.1 0.34 0.16 0.31 0.14 0.27 0.23 0.0 0.0 0.37 0.19 0.33 0.26 0.29 0.17 0.26 0.31 0.0 0.0 0.0 0.0 0.0 0.0 0.0 0.0 0.0 0.0 0.0 0.0 0.32 0.09 0.0 0.0 0.34 0.09 0.09 0.11 0.06 0.17 0.09 0.17 0.09 0.27 0.12 0.22 0.02 0.16 0.0 0.0 0.0 0.0 0.07 0.36 0.0 0.0 0.0 0.0 0.02 0.37 0.0 0.0 0.0 0.0 0.09 0.1 0.0 0.0 0.07 0.11 0.0 0.0
0.31 0.1 0.34 0.16 0.31 0.14 0.0 0.0 0.0 0.0 0.37 0.19 0.33 0.26 0.29 0.17 0.26 0.31 0.0 0.0 0.0 0.0 0.0 0.0 0.0 0.0 0.0 0.0 0.0 0.0 0.32 0.09 0.0 0.0 0.34 0.09 0.09 0.11 0.06 0.17 0.09 0.17 0.09 0.27 0.12 0.22 0.02 0.16 0.0 0.0 0.0 0.0 0.07 0.36 0.0 0.0 0.0 0.0 0.02 0.37 0.0 0.0 0.0 0.0 0.09 0.1 0.0 0.0 0.07 0.11 0.0 0.0
0.31 0.1 0.34 0.16 0.31 0.14 0.0 0.0 0.0 0.0 0.37 0.19 0.33 0.26 0.29 0.17 0.26 0.31 0.0 0.0 0.0 0.0 0.3 0.34 0.0 0.0 0.0 0.0 0.0 0.0 0.32 0.09 0.0 0.0 0.34 0.09 0.09 0.11 0.06 0.17 0.09 0.17 0.09 0.27 0.12 0.22 0.02 0.16 0.0 0.0 0.0 0.0 0.07 0.36 0.0 0.0 0.0 0.0 0.02 0.37 0.0 0.0 0.0 0.0 0.09 0.1 0.0 0.0 0.07 0.11 0.0 0.0
0.31 0.1 0.34 0.16 0.31 0.14 0.26 0.23 0.0 0.0 0.37 0.19 0.33 0.26 0.29 0.17 0.26 0.29 0.0 0.0 0.0 0.0 0.0 0.0 0.0 0.0 0.0 0.0 0.0 0.0 0.32 0.09 0.0 0.0 0.34 0.09 0.09 0.11 0.06 0.17 0.09 0.17 0.09 0.27 0.12 0.22 0.02 0.16 0.0 0.0 0.0 0.0 0.07 0.36 0.0 0.0 0.0 0.0 0.02 0.37 0.0 0.0 0.0 0.0 0.09 0.1 0.0 0.0 0.07 0.11 0.0 0.0
0.31 0.1 0.34 0.16 0.31 0.14 0.26 0.23 0.0 0.0 0.37 0.17 0.33 0.26 0.29 0.17 0.26 0.29 0.0 0.0 0.0 0.0 0.0 0.0 0.0 0.0 0.0 0.0 0.0 0.0 0.32 0.09 0.0 0.0 0.34 0.09 0.09 0.11 0.06 0.17 0.09 0.17 0.09 0.27 0.12 0.22 0.02 0.16 0.0 0.0 0.0 0.0 0.07 0.36 0.0 0.0 0.0 0.0 0.02 0.37 0.0 0.0 0.0 0.0 0.09 0.1 0.0 0.0 0.07 0.1 0.0 0.0
0.31 0.1 0.34 0.16 0.31 0.14 0.0 0.0 0.0 0.0 0.37 0.17 0.33 0.26 0.29 0.17 0.26 0.29 0.0 0.0 0.0 0.0 0.0 0.0 0.0 0.0 0.0 0.0 0.0 0.0 0.32 0.09 0.0 0.0 0.34 0.09 0.09 0.11 0.06 0.17 0.09 0.17 0.09 0.27 0.12 0.22 0.02 0.16 0.0 0.0 0.0 0.0 0.07 0.36 0.0 0.0 0.0 0.0 0.02 0.36 0.0 0.0 0.0 0.0 0.09 0.1 0.0 0.0 0.07 0.11 0.0 0.0
0.31 0.1 0.34 0.16 0.31 0.14 0.26 0.23 0.0 0.0 0.37 0.17 0.33 0.26 0.29 0.17 0.26 0.29 0.0 0.0 0.0 0.0 0.0 0.0 0.0 0.0 0.0 0.0 0.0 0.0 0.32 0.09 0.0 0.0 0.34 0.09 0.09 0.11 0.06 0.17 0.09 0.17 0.09 0.27 0.12 0.22 0.02 0.16 0.0 0.0 0.0 0.0 0.07 0.36 0.0 0.0 0.0 0.0 0.02 0.36 0.0 0.0 0.0 0.0 0.09 0.1 0.0 0.0 0.07 0.11 0.0 0.0
0.31 0.1 0.34 0.16 0.31 0.14 0.0 0.0 0.0 0.0 0.37 0.17 0.33 0.26 0.29 0.17 0.26 0.29 0.0 0.0 0.0 0.0 0.0 0.0 0.0 0.0 0.0 0.0 0.0 0.0 0.32 0.09 0.0 0.0 0.34 0.09 0.09 0.11 0.06 0.17 0.09 0.17 0.09 0.27 0.12 0.22 0.02 0.16 0.0 0.0 0.0 0.0 0.07 0.36 0.0 0.0 0.0 0.0 0.02 0.36 0.0 0.0 0.0 0.0 0.09 0.1 0.0 0.0 0.07 0.11 0.0 0.0
0.31 0.1 0.34 0.16 0.31 0.14 0.26 0.23 0.0 0.0 0.37 0.17 0.33 0.26 0.29 0.17 0.26 0.29 0.0 0.0 0.0 0.0 0.0 0.0 0.0 0.0 0.0 0.0 0.0 0.0 0.32 0.09 0.0 0.0 0.34 0.09 0.09 0.11 0.06 0.17 0.09 0.17 0.09 0.27 0.12 0.22 0.02 0.16 0.0 0.0 0.0 0.0 0.07 0.36 0.0 0.0 0.0 0.0 0.02 0.36 0.0 0.0 0.0 0.0 0.09 0.1 0.0 0.0 0.07 0.1 0.0 0.0
0.31 0.1 0.34 0.16 0.31 0.14 0.26 0.23 0.0 0.0 0.37 0.19 0.33 0.26 0.29 0.17 0.26 0.29 0.0 0.0 0.0 0.0 0.0 0.0 0.0 0.0 0.0 0.0 0.0 0.0 0.32 0.09 0.0 0.0 0.34 0.09 0.09 0.11 0.06 0.17 0.09 0.17 0.09 0.27 0.12 0.22 0.02 0.16 0.0 0.0 0.0 0.0 0.07 0.36 0.0 0.0 0.0 0.0 0.02 0.36 0.0 0.0 0.0 0.0 0.09 0.1 0.0 0.0 0.07 0.11 0.0 0.0
0.31 0.1 0.34 0.16 0.31 0.14 0.26 0.23 0.0 0.0 0.37 0.17 0.33 0.26 0.29 0.17 0.26 0.29 0.0 0.0 0.0 0.0 0.0 0.0 0.0 0.0 0.0 0.0 0.0 0.0 0.32 0.09 0.0 0.0 0.34 0.09 0.09 0.11 0.06 0.17 0.09 0.17 0.09 0.27 0.12 0.22 0.02 0.16 0.0 0.0 0.0 0.0 0.07 0.36 0.0 0.0 0.0 0.0 0.02 0.36 0.0 0.0 0.0 0.0 0.09 0.1 0.0 0.0 0.07 0.1 0.0 0.0
0.31 0.1 0.34 0.16 0.31 0.14 0.26 0.23 0.0 0.0 0.37 0.17 0.33 0.26 0.29 0.17 0.26 0.29 0.0 0.0 0.0 0.0 0.0 0.0 0.0 0.0 0.0 0.0 0.0 0.0 0.32 0.09 0.0 0.0 0.34 0.09 0.09 0.11 0.06 0.17 0.09 0.17 0.09 0.27 0.12 0.22 0.02 0.16 0.0 0.0 0.0 0.0 0.07 0.36 0.0 0.0 0.0 0.0 0.02 0.36 0.0 0.0 0.0 0.0 0.09 0.1 0.0 0.0 0.07 0.1 0.0 0.0
0.31 0.1 0.34 0.16 0.31 0.14 0.26 0.23 0.0 0.0 0.37 0.19 0.33 0.26 0.29 0.17 0.26 0.29 0.0 0.0 0.0 0.0 0.0 0.0 0.0 0.0 0.0 0.0 0.0 0.0 0.32 0.09 0.0 0.0 0.34 0.09 0.09 0.11 0.06 0.17 0.09 0.17 0.09 0.27 0.12 0.22 0.02 0.16 0.0 0.0 0.0 0.0 0.07 0.36 0.0 0.0 0.0 0.0 0.02 0.36 0.0 0.0 0.0 0.0 0.09 0.1 0.0 0.0 0.07 0.1 0.0 0.0
0.31 0.1 0.34 0.16 0.31 0.14 0.26 0.23 0.0 0.0 0.37 0.19 0.33 0.26 0.29 0.17 0.26 0.29 0.0 0.0 0.0 0.0 0.0 0.0 0.0 0.0 0.0 0.0 0.0 0.0 0.32 0.09 0.0 0.0 0.34 0.09 0.09 0.11 0.06 0.17 0.09 0.17 0.09 0.27 0.12 0.22 0.02 0.16 0.0 0.0 0.0 0.0 0.07 0.36 0.0 0.0 0.0 0.0 0.02 0.36 0.0 0.0 0.0 0.0 0.09 0.1 0.0 0.0 0.07 0.1 0.0 0.0
0.31 0.1 0.34 0.16 0.31 0.14 0.26 0.23 0.0 0.0 0.37 0.19 0.33 0.26 0.29 0.17 0.26 0.29 0.0 0.0 0.0 0.0 0.0 0.0 0.0 0.0 0.0 0.0 0.0 0.0 0.32 0.09 0.0 0.0 0.34 0.09 0.09 0.11 0.06 0.17 0.09 0.17 0.09 0.27 0.12 0.22 0.02 0.16 0.0 0.0 0.0 0.0 0.07 0.36 0.0 0.0 0.0 0.0 0.02 0.36 0.0 0.0 0.0 0.0 0.09 0.1 0.0 0.0 0.07 0.1 0.0 0.0
0.31 0.1 0.34 0.16 0.31 0.14 0.26 0.23 0.0 0.0 0.37 0.19 0.33 0.26 0.29 0.17 0.26 0.29 0.0 0.0 0.0 0.0 0.29 0.34 0.0 0.0 0.0 0.0 0.0 0.0 0.32 0.09 0.0 0.0 0.34 0.09 0.09 0.11 0.06 0.17 0.09 0.17 0.09 0.27 0.12 0.22 0.02 0.16 0.0 0.0 0.0 0.0 0.07 0.36 0.0 0.0 0.0 0.0 0.02 0.36 0.0 0.0 0.0 0.0 0.09 0.1 0.0 0.0 0.07 0.1 0.0 0.0
0.31 0.1 0.34 0.16 0.31 0.14 0.26 0.23 0.0 0.0 0.37 0.19 0.33 0.26 0.29 0.17 0.26 0.29 0.0 0.0 0.0 0.0 0.0 0.0 0.0 0.0 0.0 0.0 0.0 0.0 0.32 0.09 0.0 0.0 0.34 0.09 0.09 0.11 0.06 0.17 0.09 0.17 0.09 0.27 0.12 0.22 0.02 0.16 0.0 0.0 0.0 0.0 0.07 0.36 0.0 0.0 0.0 0.0 0.02 0.36 0.0 0.0 0.0 0.0 0.09 0.1 0.0 0.0 0.07 0.1 0.0 0.0
0.31 0.1 0.34 0.16 0.31 0.14 0.26 0.23 0.0 0.0 0.37 0.19 0.33 0.26 0.29 0.17 0.26 0.29 0.0 0.0 0.0 0.0 0.0 0.0 0.0 0.0 0.0 0.0 0.0 0.0 0.32 0.09 0.0 0.0 0.34 0.09 0.09 0.11 0.06 0.17 0.09 0.17 0.09 0.27 0.12 0.22 0.02 0.16 0.0 0.0 0.0 0.0 0.07 0.36 0.0 0.0 0.0 0.0 0.02 0.36 0.0 0.0 0.0 0.0 0.09 0.1 0.0 0.0 0.07 0.1 0.0 0.0
0.31 0.1 0.34 0.16 0.31 0.14 0.26 0.23 0.0 0.0 0.37 0.19 0.33 0.26 0.29 0.17 0.26 0.29 0.0 0.0 0.0 0.0 0.0 0.0 0.0 0.0 0.0 0.0 0.0 0.0 0.32 0.09 0.0 0.0 0.34 0.09 0.09 0.11 0.06 0.17 0.09 0.17 0.09 0.27 0.12 0.22 0.02 0.16 0.0 0.0 0.0 0.0 0.07 0.36 0.0 0.0 0.0 0.0 0.02 0.36 0.0 0.0 0.0 0.0 0.09 0.1 0.0 0.0 0.07 0.1 0.0 0.0
0.31 0.1 0.34 0.16 0.31 0.14 0.26 0.23 0.0 0.0 0.37 0.19 0.33 0.26 0.29 0.17 0.26 0.29 0.0 0.0 0.0 0.0 0.0 0.0 0.0 0.0 0.0 0.0 0.0 0.0 0.32 0.09 0.0 0.0 0.34 0.09 0.09 0.11 0.06 0.17 0.09 0.17 0.09 0.27 0.12 0.22 0.02 0.16 0.0 0.0 0.0 0.0 0.07 0.36 0.0 0.0 0.0 0.0 0.02 0.36 0.0 0.0 0.0 0.0 0.09 0.1 0.0 0.0 0.07 0.1 0.0 0.0
0.31 0.1 0.34 0.16 0.31 0.14 0.26 0.23 0.0 0.0 0.37 0.19 0.33 0.26 0.29 0.17 0.26 0.29 0.0 0.0 0.0 0.0 0.0 0.0 0.0 0.0 0.0 0.0 0.0 0.0 0.32 0.09 0.0 0.0 0.34 0.09 0.09 0.11 0.06 0.17 0.09 0.17 0.09 0.27 0.12 0.22 0.02 0.16 0.0 0.0 0.0 0.0 0.07 0.36 0.0 0.0 0.0 0.0 0.02 0.36 0.0 0.0 0.0 0.0 0.09 0.1 0.0 0.0 0.07 0.1 0.0 0.0
0.31 0.1 0.34 0.16 0.31 0.14 0.26 0.23 0.0 0.0 0.37 0.19 0.33 0.26 0.29 0.17 0.26 0.29 0.0 0.0 0.0 0.0 0.0 0.0 0.0 0.0 0.0 0.0 0.0 0.0 0.32 0.09 0.0 0.0 0.34 0.09 0.09 0.11 0.06 0.17 0.09 0.17 0.09 0.27 0.12 0.22 0.02 0.16 0.0 0.0 0.0 0.0 0.07 0.36 0.0 0.0 0.0 0.0 0.02 0.36 0.0 0.0 0.0 0.0 0.09 0.1 0.0 0.0 0.07 0.1 0.0 0.0
0.31 0.1 0.34 0.16 0.31 0.14 0.26 0.23 0.0 0.0 0.37 0.19 0.33 0.26 0.29 0.17 0.26 0.29 0.0 0.0 0.0 0.0 0.0 0.0 0.0 0.0 0.0 0.0 0.0 0.0 0.32 0.09 0.0 0.0 0.34 0.09 0.09 0.11 0.06 0.17 0.09 0.17 0.09 0.27 0.12 0.22 0.02 0.16 0.0 0.0 0.0 0.0 0.07 0.36 0.0 0.0 0.0 0.0 0.02 0.36 0.0 0.0 0.0 0.0 0.09 0.1 0.0 0.0 0.07 0.1 0.0 0.0
0.31 0.1 0.34 0.16 0.31 0.14 0.26 0.23 0.0 0.0 0.37 0.19 0.33 0.26 0.29 0.17 0.26 0.29 0.0 0.0 0.0 0.0 0.0 0.0 0.0 0.0 0.0 0.0 0.0 0.0 0.32 0.09 0.0 0.0 0.34 0.09 0.09 0.11 0.06 0.17 0.09 0.17 0.09 0.27 0.12 0.22 0.02 0.16 0.0 0.0 0.0 0.0 0.07 0.36 0.0 0.0 0.0 0.0 0.02 0.36 0.0 0.0 0.0 0.0 0.09 0.1 0.0 0.0 0.07 0.1 0.0 0.0
0.31 0.1 0.34 0.16 0.31 0.14 0.26 0.23 0.0 0.0 0.37 0.19 0.33 0.26 0.29 0.17 0.26 0.29 0.0 0.0 0.0 0.0 0.0 0.0 0.0 0.0 0.0 0.0 0.0 0.0 0.32 0.09 0.0 0.0 0.34 0.09 0.09 0.11 0.06 0.17 0.09 0.17 0.09 0.27 0.12 0.22 0.02 0.16 0.0 0.0 0.0 0.0 0.07 0.36 0.0 0.0 0.0 0.0 0.02 0.36 0.0 0.0 0.0 0.0 0.09 0.1 0.0 0.0 0.07 0.1 0.0 0.0
0.31 0.1 0.34 0.16 0.31 0.14 0.26 0.23 0.0 0.0 0.37 0.19 0.33 0.26 0.29 0.17 0.26 0.29 0.0 0.0 0.0 0.0 0.0 0.0 0.0 0.0 0.0 0.0 0.0 0.0 0.32 0.09 0.0 0.0 0.34 0.09 0.09 0.11 0.06 0.17 0.09 0.17 0.09 0.27 0.12 0.22 0.02 0.16 0.0 0.0 0.0 0.0 0.07 0.36 0.0 0.0 0.0 0.0 0.02 0.36 0.0 0.0 0.0 0.0 0.09 0.1 0.0 0.0 0.07 0.1 0.0 0.0
0.31 0.1 0.34 0.16 0.31 0.14 0.26 0.23 0.0 0.0 0.37 0.19 0.33 0.26 0.29 0.17 0.26 0.29 0.0 0.0 0.0 0.0 0.0 0.0 0.0 0.0 0.0 0.0 0.0 0.0 0.32 0.09 0.0 0.0 0.34 0.09 0.09 0.11 0.06 0.17 0.09 0.17 0.09 0.27 0.12 0.22 0.02 0.16 0.0 0.0 0.0 0.0 0.07 0.36 0.0 0.0 0.0 0.0 0.02 0.36 0.0 0.0 0.0 0.0 0.09 0.1 0.0 0.0 0.07 0.1 0.0 0.0
0.31 0.1 0.34 0.16 0.31 0.14 0.26 0.23 0.0 0.0 0.37 0.19 0.33 0.26 0.29 0.17 0.26 0.29 0.0 0.0 0.0 0.0 0.0 0.0 0.0 0.0 0.0 0.0 0.0 0.0 0.32 0.09 0.0 0.0 0.34 0.09 0.09 0.11 0.06 0.17 0.09 0.17 0.09 0.27 0.12 0.22 0.02 0.16 0.0 0.0 0.0 0.0 0.07 0.36 0.0 0.0 0.0 0.0 0.02 0.36 0.0 0.0 0.0 0.0 0.09 0.1 0.0 0.0 0.07 0.1 0.0 0.0
0.31 0.1 0.34 0.16 0.31 0.14 0.26 0.23 0.0 0.0 0.37 0.19 0.33 0.26 0.29 0.17 0.26 0.29 0.0 0.0 0.0 0.0 0.0 0.0 0.0 0.0 0.0 0.0 0.0 0.0 0.32 0.09 0.0 0.0 0.34 0.09 0.09 0.11 0.06 0.17 0.09 0.17 0.09 0.27 0.12 0.22 0.02 0.16 0.0 0.0 0.0 0.0 0.07 0.36 0.0 0.0 0.0 0.0 0.02 0.36 0.0 0.0 0.0 0.0 0.09 0.1 0.0 0.0 0.07 0.1 0.0 0.0
0.31 0.1 0.34 0.16 0.31 0.14 0.26 0.23 0.0 0.0 0.37 0.19 0.33 0.26 0.29 0.17 0.26 0.29 0.0 0.0 0.0 0.0 0.0 0.0 0.0 0.0 0.0 0.0 0.0 0.0 0.32 0.09 0.0 0.0 0.34 0.09 0.09 0.11 0.06 0.17 0.09 0.17 0.09 0.27 0.12 0.22 0.02 0.16 0.0 0.0 0.0 0.0 0.07 0.36 0.0 0.0 0.0 0.0 0.02 0.36 0.0 0.0 0.0 0.0 0.09 0.1 0.0 0.0 0.07 0.1 0.0 0.0
0.31 0.1 0.34 0.16 0.31 0.14 0.26 0.23 0.0 0.0 0.37 0.19 0.33 0.26 0.29 0.17 0.26 0.29 0.0 0.0 0.0 0.0 0.0 0.0 0.0 0.0 0.0 0.0 0.0 0.0 0.32 0.09 0.0 0.0 0.34 0.09 0.09 0.11 0.06 0.17 0.09 0.17 0.09 0.27 0.12 0.22 0.02 0.16 0.0 0.0 0.0 0.0 0.07 0.36 0.0 0.0 0.0 0.0 0.02 0.36 0.0 0.0 0.0 0.0 0.09 0.1 0.0 0.0 0.07 0.1 0.0 0.0
0.31 0.1 0.34 0.16 0.31 0.14 0.26 0.23 0.0 0.0 0.37 0.19 0.33 0.26 0.29 0.17 0.26 0.29 0.0 0.0 0.0 0.0 0.0 0.0 0.0 0.0 0.0 0.0 0.0 0.0 0.32 0.09 0.0 0.0 0.34 0.09 0.09 0.11 0.06 0.17 0.09 0.17 0.09 0.27 0.12 0.22 0.02 0.16 0.0 0.0 0.0 0.0 0.07 0.36 0.0 0.0 0.0 0.0 0.02 0.36 0.0 0.0 0.0 0.0 0.09 0.1 0.0 0.0 0.07 0.1 0.0 0.0
0.31 0.1 0.34 0.16 0.31 0.14 0.26 0.23 0.0 0.0 0.37 0.19 0.33 0.26 0.29 0.17 0.26 0.29 0.0 0.0 0.0 0.0 0.0 0.0 0.0 0.0 0.0 0.0 0.0 0.0 0.32 0.09 0.0 0.0 0.34 0.09 0.09 0.11 0.06 0.17 0.09 0.17 0.09 0.27 0.12 0.22 0.02 0.16 0.0 0.0 0.0 0.0 0.07 0.36 0.0 0.0 0.0 0.0 0.02 0.36 0.0 0.0 0.0 0.0 0.09 0.1 0.0 0.0 0.07 0.1 0.0 0.0
0.31 0.1 0.34 0.16 0.31 0.14 0.26 0.23 0.0 0.0 0.37 0.19 0.33 0.26 0.29 0.17 0.26 0.29 0.0 0.0 0.0 0.0 0.0 0.0 0.0 0.0 0.0 0.0 0.0 0.0 0.32 0.09 0.0 0.0 0.34 0.09 0.09 0.11 0.06 0.17 0.09 0.17 0.09 0.27 0.12 0.22 0.02 0.16 0.0 0.0 0.0 0.0 0.07 0.36 0.0 0.0 0.0 0.0 0.02 0.36 0.0 0.0 0.0 0.0 0.09 0.1 0.0 0.0 0.07 0.1 0.0 0.0
0.31 0.1 0.34 0.16 0.31 0.14 0.26 0.23 0.0 0.0 0.37 0.19 0.33 0.26 0.29 0.17 0.26 0.29 0.0 0.0 0.0 0.0 0.0 0.0 0.0 0.0 0.0 0.0 0.0 0.0 0.32 0.09 0.0 0.0 0.34 0.09 0.09 0.11 0.06 0.17 0.09 0.17 0.09 0.27 0.12 0.22 0.02 0.16 0.0 0.0 0.0 0.0 0.07 0.36 0.0 0.0 0.0 0.0 0.02 0.36 0.0 0.0 0.0 0.0 0.09 0.1 0.0 0.0 0.07 0.1 0.0 0.0
0.31 0.1 0.34 0.16 0.31 0.14 0.26 0.23 0.0 0.0 0.37 0.19 0.33 0.26 0.29 0.17 0.26 0.29 0.0 0.0 0.0 0.0 0.0 0.0 0.0 0.0 0.0 0.0 0.0 0.0 0.32 0.09 0.0 0.0 0.34 0.09 0.09 0.11 0.06 0.17 0.09 0.17 0.09 0.27 0.12 0.22 0.02 0.16 0.0 0.0 0.0 0.0 0.07 0.36 0.0 0.0 0.0 0.0 0.02 0.36 0.0 0.0 0.0 0.0 0.09 0.1 0.0 0.0 0.07 0.1 0.0 0.0
0.31 0.1 0.34 0.16 0.31 0.14 0.26 0.23 0.0 0.0 0.37 0.19 0.33 0.26 0.29 0.17 0.26 0.29 0.0 0.0 0.0 0.0 0.0 0.0 0.0 0.0 0.0 0.0 0.0 0.0 0.32 0.09 0.0 0.0 0.34 0.09 0.09 0.11 0.06 0.17 0.09 0.17 0.09 0.27 0.12 0.22 0.02 0.16 0.0 0.0 0.0 0.0 0.07 0.36 0.0 0.0 0.0 0.0 0.02 0.36 0.0 0.0 0.0 0.0 0.09 0.1 0.0 0.0 0.07 0.1 0.0 0.0
0.31 0.1 0.34 0.16 0.31 0.14 0.26 0.23 0.0 0.0 0.37 0.19 0.33 0.26 0.29 0.17 0.26 0.29 0.0 0.0 0.0 0.0 0.0 0.0 0.0 0.0 0.0 0.0 0.0 0.0 0.32 0.09 0.0 0.0 0.34 0.09 0.09 0.11 0.06 0.17 0.09 0.17 0.09 0.27 0.12 0.22 0.02 0.16 0.0 0.0 0.0 0.0 0.07 0.36 0.0 0.0 0.0 0.0 0.02 0.36 0.0 0.0 0.0 0.0 0.09 0.1 0.0 0.0 0.07 0.1 0.0 0.0
0.31 0.1 0.34 0.16 0.31 0.14 0.26 0.23 0.0 0.0 0.37 0.19 0.33 0.26 0.29 0.17 0.26 0.29 0.0 0.0 0.0 0.0 0.0 0.0 0.0 0.0 0.0 0.0 0.0 0.0 0.32 0.09 0.0 0.0 0.34 0.09 0.09 0.11 0.06 0.17 0.09 0.17 0.09 0.27 0.12 0.22 0.02 0.16 0.0 0.0 0.0 0.0 0.07 0.36 0.0 0.0 0.0 0.0 0.02 0.36 0.0 0.0 0.0 0.0 0.09 0.1 0.0 0.0 0.07 0.1 0.0 0.0
0.31 0.1 0.34 0.16 0.31 0.14 0.26 0.23 0.0 0.0 0.37 0.19 0.33 0.26 0.29 0.17 0.26 0.29 0.0 0.0 0.0 0.0 0.0 0.0 0.0 0.0 0.0 0.0 0.0 0.0 0.32 0.09 0.0 0.0 0.34 0.09 0.09 0.11 0.06 0.17 0.09 0.17 0.09 0.27 0.12 0.22 0.02 0.16 0.0 0.0 0.0 0.0 0.07 0.36 0.0 0.0 0.0 0.0 0.02 0.36 0.0 0.0 0.0 0.0 0.09 0.1 0.0 0.0 0.07 0.1 0.0 0.0
0.31 0.1 0.34 0.16 0.31 0.14 0.26 0.23 0.0 0.0 0.37 0.19 0.33 0.26 0.29 0.17 0.26 0.29 0.0 0.0 0.0 0.0 0.0 0.0 0.0 0.0 0.0 0.0 0.0 0.0 0.32 0.09 0.0 0.0 0.34 0.09 0.09 0.11 0.06 0.17 0.09 0.17 0.09 0.27 0.12 0.22 0.02 0.16 0.0 0.0 0.0 0.0 0.07 0.36 0.0 0.0 0.0 0.0 0.02 0.36 0.0 0.0 0.0 0.0 0.09 0.1 0.0 0.0 0.07 0.1 0.0 0.0
0.31 0.1 0.34 0.16 0.31 0.14 0.26 0.23 0.0 0.0 0.37 0.19 0.33 0.26 0.29 0.17 0.26 0.29 0.0 0.0 0.0 0.0 0.0 0.0 0.0 0.0 0.0 0.0 0.0 0.0 0.32 0.09 0.0 0.0 0.34 0.09 0.09 0.11 0.06 0.17 0.09 0.17 0.09 0.27 0.12 0.22 0.02 0.16 0.0 0.0 0.0 0.0 0.07 0.36 0.0 0.0 0.0 0.0 0.02 0.36 0.0 0.0 0.0 0.0 0.09 0.1 0.0 0.0 0.07 0.1 0.0 0.0
0.31 0.1 0.34 0.16 0.31 0.14 0.26 0.23 0.0 0.0 0.37 0.19 0.33 0.26 0.29 0.17 0.26 0.29 0.0 0.0 0.0 0.0 0.0 0.0 0.0 0.0 0.0 0.0 0.0 0.0 0.32 0.09 0.0 0.0 0.34 0.09 0.09 0.11 0.06 0.17 0.09 0.17 0.09 0.27 0.12 0.22 0.02 0.16 0.0 0.0 0.0 0.0 0.07 0.36 0.0 0.0 0.0 0.0 0.02 0.36 0.0 0.0 0.0 0.0 0.09 0.1 0.0 0.0 0.07 0.1 0.0 0.0
0.31 0.1 0.34 0.16 0.31 0.14 0.26 0.23 0.0 0.0 0.37 0.19 0.33 0.26 0.29 0.17 0.26 0.29 0.0 0.0 0.0 0.0 0.0 0.0 0.0 0.0 0.0 0.0 0.0 0.0 0.32 0.09 0.0 0.0 0.34 0.09 0.09 0.11 0.06 0.17 0.09 0.17 0.09 0.27 0.12 0.22 0.02 0.16 0.0 0.0 0.0 0.0 0.07 0.36 0.0 0.0 0.0 0.0 0.02 0.36 0.0 0.0 0.0 0.0 0.09 0.1 0.0 0.0 0.07 0.1 0.0 0.0
0.31 0.1 0.34 0.16 0.31 0.14 0.26 0.23 0.0 0.0 0.37 0.19 0.33 0.26 0.29 0.17 0.26 0.29 0.0 0.0 0.0 0.0 0.0 0.0 0.0 0.0 0.0 0.0 0.0 0.0 0.32 0.09 0.0 0.0 0.34 0.09 0.09 0.11 0.06 0.17 0.09 0.17 0.09 0.27 0.12 0.22 0.02 0.16 0.0 0.0 0.0 0.0 0.07 0.36 0.0 0.0 0.0 0.0 0.02 0.36 0.0 0.0 0.0 0.0 0.09 0.1 0.0 0.0 0.07 0.1 0.0 0.0
0.31 0.1 0.34 0.16 0.31 0.14 0.26 0.23 0.0 0.0 0.37 0.19 0.33 0.26 0.29 0.17 0.26 0.29 0.0 0.0 0.0 0.0 0.0 0.0 0.0 0.0 0.0 0.0 0.0 0.0 0.32 0.09 0.0 0.0 0.34 0.09 0.09 0.11 0.06 0.17 0.09 0.17 0.09 0.27 0.12 0.22 0.02 0.16 0.0 0.0 0.0 0.0 0.07 0.36 0.0 0.0 0.0 0.0 0.02 0.36 0.0 0.0 0.0 0.0 0.09 0.1 0.0 0.0 0.07 0.1 0.0 0.0
0.31 0.1 0.34 0.16 0.31 0.14 0.26 0.23 0.0 0.0 0.37 0.19 0.33 0.26 0.29 0.17 0.26 0.29 0.0 0.0 0.0 0.0 0.0 0.0 0.0 0.0 0.0 0.0 0.0 0.0 0.32 0.09 0.0 0.0 0.34 0.09 0.09 0.11 0.06 0.17 0.09 0.17 0.09 0.27 0.12 0.22 0.02 0.16 0.0 0.0 0.0 0.0 0.07 0.36 0.0 0.0 0.0 0.0 0.02 0.36 0.0 0.0 0.0 0.0 0.09 0.1 0.0 0.0 0.07 0.1 0.0 0.0
0.31 0.1 0.34 0.16 0.31 0.14 0.26 0.23 0.0 0.0 0.37 0.19 0.33 0.26 0.29 0.17 0.26 0.29 0.0 0.0 0.0 0.0 0.0 0.0 0.0 0.0 0.0 0.0 0.0 0.0 0.32 0.09 0.0 0.0 0.34 0.09 0.09 0.11 0.06 0.17 0.09 0.17 0.09 0.27 0.12 0.22 0.02 0.16 0.0 0.0 0.0 0.0 0.07 0.36 0.0 0.0 0.0 0.0 0.02 0.36 0.0 0.0 0.0 0.0 0.09 0.1 0.0 0.0 0.07 0.1 0.0 0.0
0.31 0.1 0.34 0.16 0.31 0.14 0.26 0.23 0.0 0.0 0.37 0.19 0.33 0.26 0.29 0.17 0.26 0.29 0.0 0.0 0.0 0.0 0.0 0.0 0.0 0.0 0.0 0.0 0.0 0.0 0.32 0.09 0.0 0.0 0.34 0.09 0.09 0.11 0.06 0.17 0.09 0.17 0.09 0.27 0.12 0.22 0.02 0.16 0.0 0.0 0.0 0.0 0.07 0.36 0.0 0.0 0.0 0.0 0.02 0.36 0.0 0.0 0.0 0.0 0.09 0.1 0.0 0.0 0.07 0.1 0.0 0.0
0.31 0.1 0.34 0.16 0.31 0.14 0.26 0.23 0.0 0.0 0.37 0.19 0.33 0.26 0.29 0.17 0.26 0.29 0.0 0.0 0.0 0.0 0.0 0.0 0.0 0.0 0.0 0.0 0.0 0.0 0.32 0.09 0.0 0.0 0.34 0.09 0.09 0.11 0.06 0.17 0.09 0.17 0.09 0.27 0.12 0.22 0.02 0.16 0.0 0.0 0.0 0.0 0.07 0.36 0.0 0.0 0.0 0.0 0.02 0.36 0.0 0.0 0.0 0.0 0.09 0.1 0.0 0.0 0.07 0.1 0.0 0.0
0.31 0.1 0.34 0.16 0.31 0.14 0.26 0.23 0.0 0.0 0.37 0.19 0.33 0.26 0.29 0.17 0.26 0.29 0.0 0.0 0.0 0.0 0.0 0.0 0.0 0.0 0.0 0.0 0.0 0.0 0.32 0.09 0.0 0.0 0.34 0.09 0.09 0.11 0.06 0.17 0.09 0.17 0.09 0.27 0.12 0.22 0.02 0.16 0.0 0.0 0.0 0.0 0.07 0.36 0.0 0.0 0.0 0.0 0.02 0.36 0.0 0.0 0.0 0.0 0.09 0.1 0.0 0.0 0.07 0.1 0.0 0.0
0.31 0.1 0.34 0.16 0.31 0.14 0.26 0.23 0.0 0.0 0.37 0.19 0.33 0.26 0.29 0.17 0.26 0.29 0.0 0.0 0.0 0.0 0.0 0.0 0.0 0.0 0.0 0.0 0.0 0.0 0.32 0.09 0.0 0.0 0.34 0.09 0.09 0.11 0.06 0.17 0.09 0.17 0.09 0.27 0.12 0.22 0.02 0.16 0.0 0.0 0.0 0.0 0.07 0.36 0.0 0.0 0.0 0.0 0.02 0.36 0.0 0.0 0.0 0.0 0.09 0.1 0.0 0.0 0.07 0.1 0.0 0.0
0.31 0.1 0.34 0.16 0.31 0.14 0.26 0.23 0.0 0.0 0.37 0.19 0.33 0.26 0.29 0.17 0.25 0.29 0.0 0.0 0.0 0.0 0.29 0.35 0.0 0.0 0.0 0.0 0.0 0.0 0.32 0.09 0.0 0.0 0.34 0.09 0.09 0.11 0.06 0.17 0.09 0.17 0.09 0.27 0.12 0.22 0.02 0.16 0.0 0.0 0.0 0.0 0.06 0.36 0.0 0.0 0.0 0.0 0.02 0.36 0.0 0.0 0.0 0.0 0.09 0.1 0.0 0.0 0.07 0.1 0.0 0.0
0.31 0.1 0.34 0.16 0.31 0.14 0.26 0.23 0.0 0.0 0.37 0.19 0.33 0.26 0.29 0.17 0.26 0.29 0.0 0.0 0.0 0.0 0.29 0.35 0.0 0.0 0.0 0.0 0.0 0.0 0.32 0.09 0.0 0.0 0.34 0.09 0.09 0.11 0.06 0.17 0.09 0.17 0.09 0.27 0.12 0.22 0.02 0.16 0.0 0.0 0.0 0.0 0.06 0.36 0.0 0.0 0.0 0.0 0.02 0.36 0.0 0.0 0.0 0.0 0.09 0.1 0.0 0.0 0.07 0.1 0.0 0.0
0.31 0.1 0.34 0.16 0.31 0.14 0.26 0.23 0.0 0.0 0.37 0.19 0.33 0.26 0.29 0.17 0.25 0.29 0.0 0.0 0.0 0.0 0.29 0.35 0.0 0.0 0.0 0.0 0.0 0.0 0.32 0.09 0.0 0.0 0.34 0.09 0.09 0.11 0.06 0.17 0.09 0.17 0.09 0.27 0.12 0.22 0.02 0.16 0.0 0.0 0.0 0.0 0.06 0.36 0.0 0.0 0.0 0.0 0.02 0.36 0.0 0.0 0.0 0.0 0.09 0.1 0.0 0.0 0.07 0.1 0.0 0.0
0.31 0.1 0.34 0.16 0.31 0.14 0.26 0.23 0.0 0.0 0.37 0.19 0.33 0.26 0.29 0.17 0.25 0.29 0.0 0.0 0.0 0.0 0.29 0.35 0.0 0.0 0.0 0.0 0.0 0.0 0.32 0.09 0.0 0.0 0.34 0.09 0.09 0.11 0.06 0.17 0.09 0.17 0.09 0.27 0.12 0.22 0.02 0.16 0.0 0.0 0.0 0.0 0.06 0.36 0.0 0.0 0.0 0.0 0.02 0.36 0.0 0.0 0.0 0.0 0.09 0.1 0.0 0.0 0.07 0.1 0.0 0.0
0.31 0.1 0.34 0.16 0.31 0.14 0.26 0.23 0.0 0.0 0.37 0.19 0.33 0.26 0.29 0.17 0.25 0.29 0.0 0.0 0.0 0.0 0.29 0.35 0.0 0.0 0.0 0.0 0.0 0.0 0.32 0.09 0.0 0.0 0.34 0.09 0.09 0.11 0.06 0.17 0.09 0.17 0.09 0.27 0.12 0.22 0.02 0.16 0.0 0.0 0.0 0.0 0.06 0.36 0.0 0.0 0.0 0.0 0.02 0.36 0.0 0.0 0.0 0.0 0.09 0.1 0.0 0.0 0.07 0.1 0.0 0.0
0.31 0.1 0.34 0.16 0.31 0.14 0.26 0.23 0.0 0.0 0.37 0.19 0.33 0.26 0.29 0.17 0.25 0.29 0.0 0.0 0.0 0.0 0.29 0.35 0.0 0.0 0.0 0.0 0.0 0.0 0.32 0.09 0.0 0.0 0.34 0.09 0.09 0.11 0.06 0.17 0.09 0.17 0.09 0.27 0.12 0.22 0.02 0.16 0.0 0.0 0.0 0.0 0.06 0.36 0.0 0.0 0.0 0.0 0.02 0.36 0.0 0.0 0.0 0.0 0.09 0.1 0.0 0.0 0.07 0.1 0.0 0.0
0.31 0.1 0.34 0.16 0.31 0.14 0.26 0.23 0.0 0.0 0.37 0.19 0.33 0.26 0.29 0.17 0.25 0.29 0.0 0.0 0.0 0.0 0.29 0.35 0.0 0.0 0.0 0.0 0.0 0.0 0.32 0.09 0.0 0.0 0.34 0.09 0.09 0.11 0.06 0.17 0.09 0.17 0.09 0.27 0.12 0.22 0.02 0.16 0.0 0.0 0.0 0.0 0.06 0.36 0.0 0.0 0.0 0.0 0.02 0.36 0.0 0.0 0.0 0.0 0.09 0.1 0.0 0.0 0.07 0.1 0.0 0.0
0.31 0.1 0.34 0.16 0.31 0.14 0.26 0.23 0.0 0.0 0.37 0.19 0.33 0.26 0.29 0.17 0.25 0.29 0.0 0.0 0.0 0.0 0.29 0.35 0.0 0.0 0.0 0.0 0.0 0.0 0.32 0.09 0.0 0.0 0.34 0.09 0.09 0.11 0.06 0.17 0.09 0.17 0.09 0.27 0.12 0.22 0.02 0.16 0.0 0.0 0.0 0.0 0.06 0.36 0.0 0.0 0.0 0.0 0.02 0.36 0.0 0.0 0.0 0.0 0.09 0.1 0.0 0.0 0.07 0.1 0.0 0.0
0.31 0.1 0.34 0.16 0.31 0.14 0.26 0.23 0.0 0.0 0.37 0.19 0.33 0.26 0.29 0.17 0.25 0.29 0.0 0.0 0.0 0.0 0.29 0.35 0.0 0.0 0.0 0.0 0.0 0.0 0.32 0.09 0.0 0.0 0.34 0.09 0.09 0.11 0.06 0.17 0.09 0.17 0.09 0.27 0.12 0.22 0.02 0.16 0.0 0.0 0.0 0.0 0.06 0.36 0.0 0.0 0.0 0.0 0.02 0.36 0.0 0.0 0.0 0.0 0.09 0.1 0.0 0.0 0.07 0.1 0.0 0.0
0.31 0.1 0.34 0.16 0.31 0.14 0.26 0.23 0.0 0.0 0.37 0.19 0.33 0.26 0.29 0.17 0.25 0.29 0.0 0.0 0.0 0.0 0.29 0.35 0.0 0.0 0.0 0.0 0.0 0.0 0.32 0.09 0.0 0.0 0.34 0.09 0.09 0.11 0.06 0.17 0.09 0.17 0.09 0.27 0.12 0.22 0.02 0.16 0.0 0.0 0.0 0.0 0.06 0.36 0.0 0.0 0.0 0.0 0.02 0.36 0.0 0.0 0.0 0.0 0.09 0.1 0.0 0.0 0.07 0.1 0.0 0.0
0.31 0.1 0.34 0.16 0.31 0.14 0.26 0.23 0.0 0.0 0.37 0.19 0.33 0.26 0.29 0.17 0.26 0.29 0.0 0.0 0.0 0.0 0.29 0.35 0.0 0.0 0.0 0.0 0.0 0.0 0.32 0.09 0.0 0.0 0.34 0.09 0.09 0.11 0.06 0.17 0.09 0.17 0.09 0.27 0.12 0.22 0.02 0.16 0.0 0.0 0.0 0.0 0.07 0.36 0.0 0.0 0.0 0.0 0.02 0.36 0.0 0.0 0.0 0.0 0.09 0.1 0.0 0.0 0.07 0.1 0.0 0.0
0.1 0.11 0.07 0.16 0.1 0.16 0.1 0.26 0.13 0.21 0.04 0.15 0.01 0.23 0.0 0.0 0.08 0.35 0.1 0.49 0.0 0.0 0.04 0.34 0.0 0.0 0.0 0.0 0.1 0.1 0.0 0.0 0.08 0.1 0.0 0.0 0.31 0.1 0.33 0.15 0.31 0.13 0.27 0.22 0.0 0.0 0.36 0.17 0.32 0.25 0.29 0.16 0.26 0.28 0.0 0.0 0.0 0.0 0.29 0.33 0.0 0.0 0.0 0.0 0.0 0.0 0.32 0.09 0.0 0.0 0.34 0.09
0.31 0.1 0.33 0.15 0.31 0.13 0.27 0.2 0.0 0.0 0.35 0.16 0.32 0.24 0.29 0.16 0.26 0.26 0.0 0.0 0.0 0.0 0.29 0.31 0.0 0.0 0.0 0.0 0.0 0.0 0.31 0.09 0.0 0.0 0.33 0.09 0.11 0.1 0.08 0.15 0.11 0.16 0.12 0.25 0.13 0.2 0.06 0.15 0.03 0.22 0.0 0.0 0.09 0.33 0.11 0.48 0.0 0.0 0.06 0.33 0.0 0.0 0.0 0.0 0.11 0.1 0.0 0.0 0.09 0.1 0.0 0.0
0.12 0.1 0.1 0.15 0.12 0.15 0.13 0.24 0.15 0.19 0.07 0.14 0.05 0.21 0.0 0.0 0.1 0.32 0.13 0.46 0.0 0.0 0.07 0.32 0.06 0.46 0.0 0.0 0.12 0.1 0.0 0.0 0.11 0.1 0.0 0.0 0.31 0.09 0.33 0.14 0.31 0.12 0.27 0.19 0.26 0.23 0.35 0.16 0.32 0.23 0.29 0.15 0.26 0.25 0.0 0.0 0.0 0.0 0.29 0.29 0.0 0.0 0.0 0.0 0.0 0.0 0.31 0.08 0.0 0.0 0.33 0.09
0.31 0.09 0.32 0.14 0.31 0.12 0.27 0.17 0.26 0.22 0.35 0.15 0.32 0.22 0.29 0.15 0.26 0.23 0.0 0.0 0.0 0.0 0.29 0.27 0.0 0.0 0.0 0.0 0.0 0.0 0.31 0.08 0.0 0.0 0.32 0.09 0.13 0.1 0.11 0.14 0.13 0.14 0.14 0.23 0.16 0.19 0.09 0.14 0.07 0.21 0.0 0.0 0.12 0.29 0.13 0.41 0.14 0.49 0.09 0.29 0.08 0.41 0.0 0.0 0.13 0.09 0.0 0.0 0.12 0.1 0.0 0.0
0.15 0.1 0.12 0.14 0.15 0.14 0.15 0.22 0.17 0.17 0.1 0.13 0.09 0.19 0.0 0.0 0.13 0.28 0.15 0.4 0.0 0.0 0.1 0.27 0.1 0.39 0.08 0.49 0.15 0.09 0.0 0.0 0.13 0.1 0.0 0.0 0.31 0.09 0.32 0.13 0.3 0.12 0.27 0.16 0.0 0.0 0.34 0.15 0.32 0.21 0.29 0.14 0.27 0.23 0.0 0.0 0.0 0.0 0.29 0.27 0.28 0.38 0.27 0.48 0.0 0.0 0.31 0.08 0.0 0.0 0.32 0.09
0.16 0.1 0.13 0.13 0.15 0.13 0.17 0.2 0.18 0.16 0.12 0.13 0.1 0.19 0.0 0.0 0.15 0.26 0.16 0.36 0.17 0.46 0.12 0.26 0.11 0.37 0.1 0.46 0.16 0.09 0.0 0.0 0.15 0.09 0.0 0.0 0.31 0.09 0.32 0.13 0.3 0.11 0.27 0.16 0.0 0.0 0.34 0.14 0.31 0.19 0.29 0.14 0.27 0.22 0.0 0.0 0.0 0.0 0.29 0.25 0.28 0.36 0.27 0.45 0.0 0.0 0.31 0.08 0.0 0.0 0.32 0.09
0.17 0.09 0.15 0.13 0.17 0.13 0.17 0.19 0.19 0.15 0.13 0.13 0.12 0.17 0.0 0.0 0.16 0.24 0.17 0.34 0.18 0.42 0.13 0.24 0.13 0.34 0.12 0.42 0.17 0.09 0.0 0.0 0.16 0.09 0.0 0.0 0.3 0.09 0.32 0.12 0.3 0.11 0.27 0.15 0.29 0.13 0.34 0.13 0.31 0.17 0.29 0.13 0.27 0.21 0.0 0.0 0.0 0.0 0.29 0.24 0.29 0.33 0.27 0.41 0.0 0.0 0.31 0.08 0.0 0.0 0.32 0.08
0.17 0.09 0.15 0.13 0.17 0.13 0.17 0.19 0.19 0.15 0.13 0.13 0.0 0.0 0.0 0.0 0.16 0.25 0.17 0.34 0.18 0.42 0.13 0.24 0.13 0.34 0.12 0.42 0.17 0.09 0.0 0.0 0.16 0.09 0.0 0.0 0.3 0.09 0.32 0.12 0.3 0.11 0.27 0.16 0.27 0.2 0.33 0.13 0.31 0.19 0.29 0.13 0.27 0.21 0.0 0.0 0.0 0.0 0.29 0.24 0.28 0.32 0.27 0.41 0.0 0.0 0.31 0.08 0.0 0.0 0.32 0.08
0.17 0.09 0.15 0.13 0.17 0.13 0.18 0.19 0.19 0.15 0.13 0.13 0.12 0.17 0.0 0.0 0.16 0.25 0.17 0.34 0.18 0.42 0.13 0.25 0.13 0.35 0.12 0.42 0.17 0.09 0.0 0.0 0.16 0.09 0.0 0.0 0.3 0.09 0.31 0.12 0.29 0.11 0.27 0.16 0.28 0.13 0.33 0.14 0.31 0.19 0.29 0.13 0.26 0.21 0.0 0.0 0.0 0.0 0.29 0.24 0.28 0.32 0.27 0.41 0.0 0.0 0.31 0.08 0.0 0.0 0.32 0.09
0.17 0.09 0.15 0.13 0.17 0.13 0.18 0.19 0.19 0.15 0.13 0.13 0.0 0.0 0.0 0.0 0.16 0.25 0.17 0.34 0.18 0.42 0.13 0.24 0.13 0.35 0.12 0.42 0.17 0.09 0.0 0.0 0.16 0.09 0.0 0.0 0.3 0.09 0.31 0.13 0.29 0.11 0.27 0.15 0.28 0.13 0.33 0.14 0.31 0.19 0.29 0.14 0.26 0.2 0.21 0.21 0.0 0.0 0.28 0.24 0.28 0.32 0.27 0.41 0.0 0.0 0.31 0.09 0.0 0.0 0.32 0.09
0.3 0.09 0.31 0.13 0.29 0.11 0.27 0.15 0.27 0.14 0.33 0.14 0.31 0.19 0.29 0.14 0.26 0.2 0.0 0.0 0.0 0.0 0.28 0.23 0.28 0.32 0.27 0.41 0.0 0.0 0.3 0.09 0.0 0.0 0.32 0.09 0.17 0.1 0.15 0.13 0.17 0.12 0.17 0.19 0.19 0.15 0.13 0.13 0.0 0.0 0.0 0.0 0.16 0.25 0.17 0.34 0.18 0.44 0.13 0.25 0.13 0.34 0.12 0.42 0.17 0.09 0.0 0.0 0.16 0.09 0.0 0.0
0.3 0.09 0.31 0.13 0.29 0.11 0.27 0.15 0.27 0.14 0.32 0.14 0.31 0.2 0.28 0.14 0.26 0.21 0.0 0.0 0.0 0.0 0.27 0.24 0.28 0.33 0.27 0.41 0.0 0.0 0.3 0.09 0.0 0.0 0.31 0.09 0.17 0.1 0.15 0.12 0.17 0.12 0.17 0.19 0.18 0.15 0.13 0.12 0.12 0.16 0.0 0.0 0.16 0.24 0.17 0.34 0.18 0.42 0.13 0.24 0.13 0.34 0.12 0.42 0.17 0.09 0.0 0.0 0.16 0.09 0.0 0.0
0.29 0.09 0.31 0.13 0.29 0.11 0.27 0.13 0.0 0.0 0.32 0.14 0.31 0.2 0.28 0.14 0.26 0.21 0.0 0.0 0.0 0.0 0.28 0.23 0.28 0.32 0.27 0.41 0.0 0.0 0.3 0.09 0.0 0.0 0.31 0.09 0.17 0.1 0.15 0.12 0.17 0.13 0.17 0.19 0.18 0.15 0.13 0.12 0.12 0.16 0.0 0.0 0.16 0.25 0.17 0.34 0.18 0.44 0.13 0.24 0.13 0.34 0.12 0.42 0.17 0.09 0.0 0.0 0.16 0.09 0.0 0.0
0.29 0.09 0.31 0.13 0.29 0.11 0.27 0.14 0.0 0.0 0.32 0.14 0.3 0.2 0.28 0.14 0.25 0.21 0.21 0.24 0.19 0.29 0.27 0.24 0.27 0.33 0.27 0.41 0.0 0.0 0.3 0.09 0.0 0.0 0.31 0.1 0.17 0.1 0.15 0.12 0.17 0.13 0.17 0.19 0.18 0.15 0.13 0.12 0.12 0.16 0.0 0.0 0.16 0.25 0.17 0.34 0.18 0.42 0.13 0.24 0.12 0.34 0.12 0.42 0.17 0.09 0.0 0.0 0.16 0.09 0.0 0.0
0.29 0.09 0.3 0.13 0.29 0.11 0.26 0.14 0.0 0.0 0.32 0.14 0.3 0.2 0.28 0.15 0.25 0.21 0.21 0.24 0.0 0.0 0.27 0.24 0.27 0.32 0.27 0.41 0.0 0.0 0.29 0.09 0.0 0.0 0.31 0.09 0.17 0.1 0.15 0.12 0.17 0.13 0.17 0.19 0.18 0.15 0.13 0.12 0.11 0.16 0.0 0.0 0.15 0.25 0.17 0.34 0.18 0.42 0.13 0.24 0.12 0.34 0.12 0.42 0.17 0.09 0.0 0.0 0.16 0.09 0.0 0.0
0.29 0.09 0.3 0.13 0.28 0.11 0.26 0.15 0.24 0.19 0.32 0.14 0.3 0.2 0.28 0.15 0.25 0.21 0.21 0.25 0.2 0.33 0.27 0.24 0.27 0.32 0.27 0.41 0.0 0.0 0.29 0.09 0.0 0.0 0.31 0.09 0.17 0.1 0.15 0.12 0.17 0.13 0.17 0.19 0.18 0.16 0.13 0.12 0.11 0.16 0.0 0.0 0.15 0.25 0.17 0.34 0.18 0.42 0.13 0.24 0.12 0.35 0.12 0.42 0.17 0.09 0.0 0.0 0.16 0.09 0.0 0.0
0.29 0.09 0.3 0.13 0.28 0.11 0.26 0.15 0.24 0.19 0.32 0.14 0.3 0.2 0.28 0.16 0.24 0.22 0.21 0.26 0.0 0.0 0.27 0.25 0.27 0.32 0.27 0.41 0.0 0.0 0.29 0.09 0.0 0.0 0.31 0.09 0.17 0.1 0.15 0.12 0.17 0.13 0.17 0.19 0.18 0.16 0.13 0.12 0.11 0.16 0.0 0.0 0.15 0.25 0.17 0.34 0.18 0.42 0.13 0.25 0.12 0.35 0.11 0.42 0.17 0.09 0.0 0.0 0.16 0.09 0.0 0.0
0.17 0.1 0.15 0.13 0.17 0.13 0.17 0.19 0.18 0.16 0.13 0.12 0.11 0.16 0.0 0.0 0.15 0.25 0.17 0.34 0.18 0.42 0.13 0.25 0.12 0.35 0.11 0.42 0.17 0.09 0.0 0.0 0.16 0.09 0.0 0.0 0.29 0.09 0.29 0.13 0.28 0.11 0.25 0.15 0.24 0.2 0.31 0.14 0.3 0.21 0.28 0.16 0.24 0.22 0.21 0.27 0.0 0.0 0.27 0.25 0.27 0.32 0.27 0.41 0.0 0.0 0.29 0.09 0.0 0.0 0.31 0.1
0.28 0.09 0.29 0.13 0.27 0.12 0.25 0.15 0.23 0.2 0.31 0.14 0.3 0.21 0.28 0.16 0.24 0.22 0.21 0.28 0.0 0.0 0.27 0.25 0.27 0.33 0.27 0.41 0.0 0.0 0.29 0.09 0.0 0.0 0.3 0.1 0.17 0.1 0.15 0.13 0.17 0.13 0.17 0.19 0.18 0.16 0.13 0.12 0.11 0.16 0.0 0.0 0.15 0.25 0.17 0.34 0.18 0.42 0.13 0.24 0.12 0.35 0.11 0.42 0.17 0.09 0.0 0.0 0.15 0.09 0.0 0.0
0.28 0.1 0.29 0.13 0.27 0.12 0.25 0.15 0.23 0.2 0.31 0.15 0.3 0.21 0.28 0.17 0.24 0.22 0.21 0.29 0.2 0.39 0.27 0.25 0.27 0.33 0.27 0.41 0.0 0.0 0.29 0.09 0.0 0.0 0.3 0.1 0.17 0.09 0.15 0.13 0.17 0.13 0.17 0.19 0.18 0.16 0.13 0.12 0.11 0.16 0.0 0.0 0.15 0.25 0.17 0.35 0.18 0.42 0.13 0.24 0.12 0.35 0.11 0.42 0.17 0.09 0.0 0.0 0.15 0.09 0.0 0.0
0.28 0.1 0.29 0.13 0.27 0.12 0.24 0.16 0.23 0.2 0.31 0.14 0.3 0.22 0.28 0.17 0.24 0.23 0.21 0.29 0.0 0.0 0.27 0.25 0.27 0.33 0.27 0.41 0.0 0.0 0.28 0.09 0.0 0.0 0.3 0.1 0.17 0.09 0.15 0.13 0.17 0.13 0.17 0.19 0.18 0.16 0.13 0.12 0.11 0.16 0.0 0.0 0.15 0.25 0.17 0.35 0.18 0.42 0.13 0.24 0.12 0.35 0.11 0.42 0.17 0.09 0.0 0.0 0.15 0.09 0.0 0.0
0.17 0.1 0.15 0.13 0.16 0.13 0.17 0.19 0.18 0.16 0.13 0.12 0.11 0.16 0.0 0.0 0.15 0.25 0.17 0.34 0.18 0.42 0.13 0.25 0.12 0.35 0.12 0.42 0.16 0.09 0.0 0.0 0.15 0.09 0.0 0.0 0.27 0.1 0.29 0.13 0.27 0.12 0.24 0.16 0.23 0.21 0.31 0.15 0.3 0.22 0.28 0.19 0.24 0.23 0.21 0.31 0.0 0.0 0.27 0.25 0.27 0.33 0.27 0.41 0.0 0.0 0.28 0.09 0.0 0.0 0.29 0.1
0.17 0.09 0.14 0.13 0.16 0.13 0.17 0.19 0.18 0.16 0.13 0.12 0.11 0.16 0.0 0.0 0.15 0.25 0.17 0.34 0.18 0.42 0.13 0.25 0.12 0.35 0.12 0.42 0.16 0.09 0.0 0.0 0.15 0.09 0.0 0.0 0.27 0.1 0.28 0.14 0.27 0.12 0.24 0.16 0.23 0.21 0.3 0.15 0.3 0.22 0.27 0.2 0.24 0.23 0.21 0.32 0.0 0.0 0.26 0.26 0.27 0.33 0.27 0.41 0.0 0.0 0.28 0.1 0.0 0.0 0.29 0.1
0.27 0.1 0.28 0.14 0.26 0.13 0.24 0.16 0.22 0.22 0.3 0.15 0.3 0.23 0.27 0.2 0.24 0.24 0.21 0.32 0.0 0.0 0.27 0.26 0.27 0.33 0.27 0.41 0.0 0.0 0.27 0.1 0.0 0.0 0.29 0.11 0.0 0.0 0.14 0.12 0.16 0.13 0.17 0.19 0.18 0.16 0.12 0.12 0.11 0.16 0.0 0.0 0.15 0.25 0.17 0.34 0.18 0.42 0.13 0.25 0.12 0.35 0.11 0.42 0.16 0.09 0.0 0.0 0.15 0.09 0.0 0.0
0.27 0.11 0.27 0.14 0.26 0.13 0.24 0.17 0.22 0.22 0.29 0.15 0.29 0.23 0.27 0.21 0.24 0.24 0.21 0.33 0.0 0.0 0.26 0.26 0.27 0.33 0.27 0.41 0.27 0.1 0.27 0.1 0.0 0.0 0.29 0.11 0.0 0.0 0.14 0.12 0.16 0.13 0.17 0.19 0.18 0.15 0.12 0.12 0.11 0.16 0.0 0.0 0.15 0.25 0.17 0.34 0.18 0.42 0.13 0.25 0.12 0.35 0.12 0.42 0.16 0.09 0.0 0.0 0.15 0.09 0.0 0.0
