0.27 0.12 0.28 0.15 0.27 0.14 0.25 0.19 0.24 0.23 0.3 0.15 0.31 0.21 0.0 0.0 0.26 0.23 0.26 0.29 0.25 0.36 0.29 0.24 0.29 0.29 0.3 0.36 0.27 0.11 0.28 0.11 0.0 0.0 0.29 0.12 0.17 0.11 0.16 0.14 0.15 0.14 0.16 0.19 0.18 0.19 0.17 0.14 0.18 0.17 0.18 0.17 0.15 0.23 0.17 0.29 0.17 0.36 0.17 0.22 0.21 0.24 0.0 0.0 0.17 0.1 0.0 0.0 0.16 0.11 0.0 0.0
0.27 0.11 0.28 0.14 0.26 0.14 0.25 0.19 0.24 0.23 0.3 0.15 0.31 0.21 0.3 0.2 0.26 0.23 0.26 0.29 0.25 0.36 0.28 0.24 0.29 0.29 0.3 0.36 0.0 0.0 0.27 0.11 0.0 0.0 0.29 0.11 0.17 0.11 0.16 0.14 0.15 0.14 0.16 0.17 0.19 0.15 0.17 0.13 0.18 0.16 0.19 0.15 0.16 0.23 0.17 0.29 0.17 0.36 0.18 0.22 0.21 0.23 0.0 0.0 0.17 0.1 0.0 0.0 0.16 0.1 0.0 0.0
0.27 0.11 0.28 0.14 0.26 0.14 0.25 0.19 0.24 0.23 0.29 0.15 0.3 0.21 0.3 0.2 0.26 0.23 0.26 0.29 0.25 0.36 0.28 0.24 0.29 0.29 0.3 0.36 0.0 0.0 0.27 0.11 0.0 0.0 0.29 0.11 0.17 0.1 0.16 0.13 0.15 0.13 0.18 0.15 0.19 0.12 0.17 0.12 0.18 0.14 0.19 0.12 0.16 0.22 0.17 0.28 0.17 0.36 0.17 0.22 0.17 0.28 0.17 0.36 0.17 0.09 0.0 0.0 0.17 0.1 0.0 0.0
0.27 0.11 0.27 0.14 0.26 0.14 0.25 0.19 0.24 0.23 0.29 0.15 0.3 0.2 0.3 0.21 0.26 0.23 0.26 0.31 0.25 0.36 0.28 0.24 0.29 0.29 0.3 0.36 0.0 0.0 0.27 0.11 0.0 0.0 0.28 0.11 0.18 0.09 0.16 0.12 0.15 0.12 0.18 0.14 0.19 0.11 0.17 0.11 0.18 0.14 0.19 0.11 0.16 0.2 0.17 0.27 0.17 0.36 0.18 0.2 0.18 0.26 0.17 0.35 0.17 0.08 0.0 0.0 0.17 0.09 0.0 0.0
0.27 0.11 0.27 0.14 0.26 0.14 0.25 0.19 0.25 0.22 0.29 0.14 0.3 0.2 0.0 0.0 0.26 0.23 0.26 0.31 0.25 0.36 0.28 0.23 0.29 0.29 0.3 0.36 0.0 0.0 0.27 0.11 0.0 0.0 0.28 0.11 0.18 0.08 0.16 0.11 0.16 0.11 0.18 0.12 0.2 0.1 0.17 0.11 0.18 0.12 0.2 0.1 0.17 0.21 0.17 0.28 0.18 0.36 0.17 0.2 0.17 0.27 0.0 0.0 0.17 0.08 0.0 0.0 0.17 0.08 0.0 0.0
0.26 0.11 0.27 0.14 0.26 0.14 0.25 0.19 0.25 0.22 0.29 0.14 0.3 0.2 0.0 0.0 0.26 0.23 0.26 0.29 0.25 0.36 0.28 0.24 0.29 0.29 0.3 0.36 0.0 0.0 0.27 0.11 0.0 0.0 0.28 0.11 0.18 0.08 0.16 0.1 0.16 0.1 0.18 0.12 0.2 0.1 0.0 0.0 0.0 0.0 0.0 0.0 0.17 0.19 0.17 0.26 0.18 0.34 0.17 0.19 0.18 0.26 0.18 0.33 0.17 0.07 0.0 0.0 0.17 0.07 0.0 0.0
0.26 0.11 0.27 0.14 0.26 0.14 0.25 0.19 0.24 0.23 0.29 0.14 0.3 0.19 0.3 0.2 0.26 0.23 0.26 0.29 0.25 0.36 0.28 0.23 0.29 0.29 0.3 0.37 0.0 0.0 0.27 0.11 0.0 0.0 0.28 0.11 0.18 0.07 0.16 0.09 0.16 0.09 0.18 0.12 0.21 0.11 0.0 0.0 0.0 0.0 0.0 0.0 0.17 0.19 0.18 0.25 0.18 0.31 0.17 0.17 0.18 0.25 0.18 0.31 0.18 0.06 0.0 0.0 0.17 0.06 0.0 0.0
0.26 0.11 0.27 0.14 0.26 0.14 0.25 0.19 0.24 0.23 0.29 0.14 0.3 0.19 0.3 0.2 0.26 0.23 0.26 0.29 0.25 0.36 0.28 0.24 0.29 0.29 0.3 0.37 0.0 0.0 0.27 0.11 0.0 0.0 0.28 0.11 0.18 0.07 0.16 0.09 0.17 0.09 0.18 0.13 0.21 0.13 0.15 0.09 0.0 0.0 0.0 0.0 0.18 0.17 0.21 0.2 0.24 0.23 0.17 0.19 0.2 0.23 0.18 0.29 0.18 0.06 0.0 0.0 0.17 0.06 0.0 0.0
0.26 0.11 0.27 0.14 0.26 0.14 0.25 0.19 0.24 0.23 0.29 0.14 0.3 0.17 0.3 0.2 0.26 0.24 0.26 0.31 0.25 0.37 0.28 0.24 0.29 0.29 0.3 0.37 0.0 0.0 0.27 0.11 0.0 0.0 0.28 0.11 0.18 0.07 0.16 0.09 0.17 0.09 0.18 0.13 0.2 0.16 0.15 0.09 0.0 0.0 0.0 0.0 0.17 0.19 0.21 0.21 0.23 0.26 0.17 0.19 0.21 0.23 0.18 0.26 0.18 0.06 0.0 0.0 0.17 0.06 0.0 0.0
0.26 0.11 0.27 0.14 0.26 0.14 0.25 0.19 0.24 0.23 0.29 0.14 0.3 0.19 0.3 0.2 0.26 0.24 0.26 0.31 0.25 0.37 0.28 0.24 0.29 0.29 0.3 0.37 0.0 0.0 0.27 0.11 0.0 0.0 0.27 0.11 0.18 0.07 0.16 0.09 0.17 0.09 0.18 0.14 0.2 0.17 0.15 0.09 0.18 0.1 0.19 0.1 0.17 0.17 0.22 0.2 0.0 0.0 0.17 0.19 0.2 0.23 0.21 0.28 0.18 0.06 0.0 0.0 0.17 0.06 0.0 0.0
0.26 0.11 0.27 0.14 0.26 0.14 0.25 0.19 0.26 0.22 0.29 0.14 0.3 0.19 0.3 0.2 0.26 0.24 0.26 0.31 0.25 0.37 0.29 0.24 0.29 0.31 0.3 0.37 0.0 0.0 0.27 0.11 0.0 0.0 0.28 0.11 0.18 0.07 0.16 0.09 0.17 0.09 0.18 0.15 0.0 0.0 0.15 0.09 0.0 0.0 0.0 0.0 0.17 0.17 0.2 0.16 0.0 0.0 0.17 0.19 0.2 0.25 0.21 0.32 0.18 0.07 0.0 0.0 0.17 0.07 0.0 0.0
0.26 0.11 0.27 0.14 0.26 0.14 0.25 0.19 0.26 0.22 0.29 0.14 0.3 0.19 0.3 0.2 0.26 0.24 0.26 0.31 0.25 0.37 0.29 0.24 0.29 0.31 0.3 0.37 0.0 0.0 0.27 0.11 0.0 0.0 0.28 0.11 0.18 0.07 0.16 0.1 0.17 0.1 0.18 0.14 0.18 0.19 0.15 0.1 0.18 0.1 0.2 0.09 0.18 0.19 0.19 0.25 0.2 0.33 0.17 0.19 0.18 0.25 0.2 0.33 0.18 0.07 0.0 0.0 0.17 0.07 0.0 0.0
0.26 0.11 0.27 0.14 0.26 0.14 0.25 0.17 0.26 0.19 0.29 0.14 0.3 0.19 0.3 0.21 0.26 0.24 0.26 0.31 0.25 0.37 0.29 0.24 0.29 0.31 0.3 0.37 0.0 0.0 0.27 0.11 0.0 0.0 0.28 0.11 0.18 0.08 0.17 0.1 0.17 0.1 0.18 0.14 0.17 0.19 0.15 0.1 0.18 0.1 0.2 0.1 0.18 0.2 0.18 0.27 0.19 0.35 0.17 0.2 0.18 0.26 0.19 0.34 0.18 0.07 0.0 0.0 0.17 0.08 0.0 0.0
0.26 0.11 0.27 0.14 0.26 0.14 0.26 0.2 0.0 0.0 0.29 0.14 0.3 0.19 0.3 0.21 0.26 0.24 0.26 0.31 0.25 0.37 0.29 0.24 0.29 0.31 0.3 0.37 0.0 0.0 0.27 0.11 0.0 0.0 0.28 0.11 0.18 0.09 0.17 0.11 0.17 0.11 0.17 0.15 0.18 0.2 0.16 0.11 0.18 0.11 0.19 0.1 0.18 0.21 0.18 0.28 0.18 0.36 0.18 0.2 0.18 0.28 0.0 0.0 0.18 0.08 0.0 0.0 0.17 0.08 0.0 0.0
0.27 0.11 0.27 0.14 0.26 0.14 0.25 0.19 0.26 0.21 0.29 0.14 0.31 0.19 0.3 0.21 0.26 0.24 0.26 0.31 0.25 0.37 0.29 0.24 0.29 0.31 0.3 0.37 0.0 0.0 0.27 0.11 0.0 0.0 0.28 0.11 0.18 0.1 0.17 0.12 0.17 0.12 0.17 0.16 0.18 0.21 0.15 0.12 0.18 0.12 0.19 0.11 0.18 0.21 0.18 0.28 0.18 0.36 0.17 0.21 0.18 0.28 0.18 0.35 0.18 0.09 0.0 0.0 0.17 0.09 0.0 0.0
0.27 0.11 0.27 0.15 0.26 0.15 0.26 0.2 0.25 0.23 0.29 0.15 0.31 0.2 0.3 0.21 0.26 0.24 0.26 0.31 0.25 0.37 0.29 0.24 0.29 0.31 0.3 0.37 0.0 0.0 0.27 0.11 0.0 0.0 0.28 0.11 0.18 0.1 0.17 0.13 0.17 0.13 0.18 0.17 0.18 0.22 0.15 0.13 0.0 0.0 0.0 0.0 0.18 0.22 0.23 0.2 0.0 0.0 0.17 0.22 0.18 0.28 0.18 0.37 0.18 0.1 0.0 0.0 0.17 0.1 0.0 0.0
0.27 0.12 0.28 0.15 0.26 0.15 0.26 0.2 0.26 0.23 0.29 0.15 0.31 0.2 0.3 0.21 0.26 0.24 0.26 0.31 0.26 0.37 0.29 0.24 0.29 0.31 0.31 0.37 0.27 0.11 0.27 0.11 0.0 0.0 0.28 0.11 0.18 0.11 0.17 0.14 0.17 0.14 0.18 0.19 0.18 0.22 0.16 0.14 0.0 0.0 0.0 0.0 0.19 0.23 0.23 0.2 0.23 0.25 0.18 0.23 0.18 0.29 0.18 0.37 0.18 0.1 0.0 0.0 0.17 0.11 0.0 0.0
0.27 0.12 0.28 0.15 0.26 0.15 0.26 0.2 0.25 0.23 0.3 0.15 0.31 0.2 0.31 0.22 0.27 0.24 0.26 0.31 0.26 0.37 0.29 0.24 0.29 0.31 0.31 0.38 0.27 0.11 0.27 0.11 0.0 0.0 0.28 0.12 0.18 0.12 0.17 0.14 0.17 0.14 0.18 0.19 0.19 0.23 0.16 0.14 0.19 0.16 0.19 0.15 0.18 0.23 0.18 0.31 0.18 0.38 0.18 0.23 0.18 0.31 0.18 0.37 0.18 0.11 0.0 0.0 0.17 0.11 0.0 0.0
0.27 0.12 0.28 0.15 0.26 0.15 0.26 0.2 0.25 0.24 0.3 0.15 0.31 0.2 0.31 0.22 0.27 0.24 0.26 0.32 0.26 0.38 0.29 0.24 0.29 0.31 0.31 0.38 0.27 0.11 0.27 0.11 0.0 0.0 0.29 0.12 0.18 0.12 0.17 0.15 0.17 0.15 0.19 0.2 0.2 0.24 0.16 0.15 0.0 0.0 0.0 0.0 0.18 0.24 0.18 0.31 0.18 0.37 0.17 0.24 0.18 0.31 0.18 0.38 0.18 0.11 0.0 0.0 0.17 0.12 0.0 0.0
0.27 0.12 0.28 0.15 0.26 0.15 0.26 0.2 0.26 0.23 0.3 0.15 0.31 0.2 0.31 0.22 0.27 0.24 0.26 0.32 0.26 0.37 0.29 0.25 0.29 0.31 0.31 0.37 0.27 0.11 0.27 0.11 0.0 0.0 0.29 0.12 0.18 0.12 0.17 0.15 0.18 0.15 0.19 0.2 0.2 0.23 0.16 0.15 0.0 0.0 0.0 0.0 0.19 0.24 0.23 0.25 0.22 0.32 0.18 0.25 0.18 0.32 0.18 0.38 0.18 0.11 0.0 0.0 0.17 0.12 0.0 0.0
0.27 0.12 0.28 0.15 0.26 0.15 0.26 0.2 0.25 0.24 0.3 0.15 0.31 0.2 0.31 0.22 0.27 0.24 0.26 0.32 0.26 0.38 0.29 0.24 0.29 0.31 0.31 0.37 0.27 0.11 0.27 0.12 0.0 0.0 0.29 0.12 0.18 0.12 0.17 0.15 0.18 0.15 0.19 0.2 0.21 0.23 0.15 0.15 0.0 0.0 0.0 0.0 0.19 0.24 0.23 0.27 0.23 0.35 0.18 0.25 0.18 0.32 0.18 0.38 0.18 0.11 0.0 0.0 0.17 0.12 0.0 0.0
0.27 0.12 0.28 0.15 0.27 0.15 0.26 0.2 0.25 0.24 0.3 0.15 0.31 0.19 0.31 0.22 0.27 0.25 0.26 0.32 0.26 0.38 0.29 0.25 0.3 0.32 0.31 0.38 0.0 0.0 0.27 0.12 0.0 0.0 0.29 0.12 0.18 0.12 0.17 0.15 0.18 0.14 0.2 0.2 0.21 0.23 0.16 0.15 0.0 0.0 0.0 0.0 0.2 0.24 0.23 0.29 0.23 0.37 0.18 0.25 0.18 0.32 0.18 0.38 0.18 0.11 0.0 0.0 0.17 0.11 0.0 0.0
0.27 0.12 0.28 0.15 0.27 0.15 0.26 0.2 0.25 0.24 0.3 0.15 0.31 0.2 0.31 0.22 0.27 0.24 0.26 0.32 0.26 0.38 0.29 0.24 0.3 0.32 0.31 0.38 0.27 0.11 0.27 0.12 0.0 0.0 0.29 0.12 0.19 0.11 0.17 0.15 0.18 0.14 0.2 0.2 0.21 0.23 0.16 0.15 0.0 0.0 0.0 0.0 0.2 0.24 0.22 0.31 0.23 0.38 0.18 0.25 0.18 0.32 0.18 0.38 0.18 0.11 0.0 0.0 0.17 0.11 0.0 0.0
0.27 0.12 0.29 0.15 0.27 0.15 0.26 0.2 0.26 0.24 0.3 0.15 0.31 0.2 0.31 0.22 0.27 0.24 0.26 0.31 0.26 0.38 0.29 0.24 0.31 0.31 0.31 0.38 0.0 0.0 0.27 0.12 0.0 0.0 0.29 0.12 0.19 0.11 0.17 0.15 0.18 0.14 0.2 0.2 0.21 0.23 0.16 0.15 0.0 0.0 0.0 0.0 0.2 0.24 0.22 0.32 0.23 0.39 0.18 0.25 0.18 0.32 0.18 0.39 0.18 0.11 0.0 0.0 0.18 0.11 0.0 0.0
0.27 0.12 0.29 0.15 0.27 0.15 0.26 0.2 0.26 0.24 0.3 0.15 0.31 0.2 0.31 0.22 0.27 0.25 0.26 0.31 0.26 0.38 0.29 0.25 0.31 0.32 0.32 0.39 0.0 0.0 0.28 0.12 0.0 0.0 0.29 0.12 0.19 0.11 0.18 0.15 0.19 0.14 0.2 0.2 0.22 0.23 0.16 0.15 0.0 0.0 0.0 0.0 0.2 0.24 0.21 0.32 0.23 0.39 0.18 0.25 0.18 0.32 0.18 0.39 0.19 0.11 0.0 0.0 0.18 0.11 0.0 0.0
0.27 0.12 0.29 0.15 0.27 0.15 0.26 0.2 0.27 0.23 0.31 0.15 0.31 0.2 0.31 0.22 0.27 0.24 0.27 0.32 0.26 0.38 0.3 0.24 0.31 0.32 0.32 0.39 0.0 0.0 0.28 0.12 0.0 0.0 0.29 0.12 0.19 0.11 0.18 0.15 0.19 0.14 0.21 0.2 0.22 0.23 0.17 0.15 0.0 0.0 0.0 0.0 0.2 0.24 0.21 0.32 0.23 0.39 0.18 0.25 0.18 0.33 0.18 0.39 0.19 0.11 0.0 0.0 0.18 0.11 0.0 0.0
0.27 0.12 0.29 0.15 0.27 0.15 0.26 0.2 0.27 0.23 0.31 0.15 0.31 0.2 0.31 0.22 0.27 0.24 0.27 0.32 0.26 0.38 0.3 0.24 0.31 0.32 0.32 0.39 0.0 0.0 0.28 0.12 0.0 0.0 0.29 0.12 0.19 0.11 0.18 0.15 0.19 0.14 0.21 0.2 0.22 0.23 0.17 0.15 0.0 0.0 0.0 0.0 0.2 0.24 0.21 0.32 0.23 0.39 0.18 0.25 0.18 0.33 0.18 0.39 0.19 0.11 0.0 0.0 0.18 0.11 0.0 0.0
