0.34 0.17 0.37 0.21 0.4 0.21 0.42 0.27 0.0 0.0 0.35 0.22 0.32 0.31 0.0 0.0 0.41 0.39 0.0 0.0 0.0 0.0 0.36 0.39 0.31 0.49 0.0 0.0 0.0 0.0 0.34 0.16 0.0 0.0 0.35 0.16 0.13 0.13 0.12 0.17 0.12 0.17 0.11 0.23 0.15 0.27 0.1 0.19 0.0 0.0 0.0 0.0 0.12 0.34 0.15 0.46 0.0 0.0 0.1 0.33 0.09 0.45 0.0 0.0 0.13 0.12 0.0 0.0 0.12 0.13 0.0 0.0
0.34 0.17 0.37 0.21 0.4 0.21 0.42 0.27 0.0 0.0 0.35 0.22 0.32 0.31 0.0 0.0 0.4 0.39 0.0 0.0 0.0 0.0 0.36 0.39 0.31 0.49 0.0 0.0 0.0 0.0 0.34 0.16 0.0 0.0 0.35 0.16 0.14 0.13 0.12 0.19 0.12 0.19 0.11 0.24 0.14 0.27 0.11 0.17 0.0 0.0 0.0 0.0 0.12 0.33 0.15 0.46 0.0 0.0 0.1 0.33 0.09 0.45 0.0 0.0 0.13 0.12 0.0 0.0 0.12 0.13 0.0 0.0
0.34 0.17 0.38 0.21 0.4 0.21 0.42 0.28 0.0 0.0 0.35 0.22 0.32 0.31 0.0 0.0 0.4 0.38 0.0 0.0 0.0 0.0 0.36 0.39 0.0 0.0 0.0 0.0 0.0 0.0 0.34 0.16 0.0 0.0 0.35 0.16 0.14 0.13 0.12 0.17 0.12 0.17 0.1 0.22 0.14 0.27 0.13 0.16 0.0 0.0 0.0 0.0 0.13 0.33 0.15 0.47 0.0 0.0 0.11 0.33 0.09 0.46 0.0 0.0 0.13 0.12 0.0 0.0 0.12 0.13 0.0 0.0
0.34 0.17 0.38 0.21 0.41 0.21 0.42 0.28 0.0 0.0 0.35 0.22 0.32 0.31 0.0 0.0 0.4 0.39 0.42 0.49 0.0 0.0 0.36 0.39 0.0 0.0 0.0 0.0 0.0 0.0 0.34 0.16 0.0 0.0 0.36 0.16 0.14 0.12 0.13 0.16 0.12 0.16 0.1 0.22 0.13 0.26 0.13 0.16 0.0 0.0 0.0 0.0 0.12 0.34 0.15 0.48 0.0 0.0 0.0 0.0 0.0 0.0 0.0 0.0 0.13 0.12 0.0 0.0 0.12 0.13 0.0 0.0
0.34 0.17 0.38 0.21 0.41 0.21 0.42 0.27 0.0 0.0 0.35 0.22 0.32 0.31 0.0 0.0 0.4 0.39 0.42 0.49 0.0 0.0 0.37 0.38 0.0 0.0 0.0 0.0 0.0 0.0 0.34 0.16 0.0 0.0 0.36 0.16 0.14 0.12 0.13 0.17 0.12 0.16 0.1 0.22 0.13 0.26 0.13 0.16 0.16 0.24 0.17 0.19 0.13 0.34 0.15 0.47 0.0 0.0 0.0 0.0 0.0 0.0 0.0 0.0 0.13 0.12 0.0 0.0 0.12 0.13 0.0 0.0
0.34 0.17 0.38 0.21 0.41 0.21 0.42 0.27 0.0 0.0 0.35 0.22 0.32 0.29 0.0 0.0 0.4 0.39 0.0 0.0 0.0 0.0 0.37 0.38 0.32 0.49 0.0 0.0 0.0 0.0 0.35 0.16 0.0 0.0 0.36 0.16 0.14 0.12 0.13 0.16 0.12 0.16 0.1 0.22 0.13 0.26 0.13 0.16 0.16 0.24 0.17 0.19 0.13 0.34 0.15 0.47 0.0 0.0 0.0 0.0 0.0 0.0 0.0 0.0 0.13 0.11 0.0 0.0 0.12 0.13 0.0 0.0
0.34 0.17 0.38 0.21 0.41 0.21 0.0 0.0 0.0 0.0 0.35 0.22 0.33 0.29 0.0 0.0 0.41 0.39 0.0 0.0 0.0 0.0 0.37 0.39 0.32 0.49 0.0 0.0 0.0 0.0 0.35 0.16 0.0 0.0 0.36 0.16 0.14 0.12 0.12 0.16 0.12 0.16 0.09 0.22 0.13 0.26 0.13 0.16 0.0 0.0 0.0 0.0 0.13 0.34 0.15 0.46 0.0 0.0 0.0 0.0 0.0 0.0 0.0 0.0 0.13 0.11 0.0 0.0 0.12 0.12 0.0 0.0
0.14 0.12 0.12 0.16 0.12 0.16 0.09 0.22 0.13 0.25 0.13 0.16 0.0 0.0 0.0 0.0 0.0 0.0 0.0 0.0 0.0 0.0 0.15 0.35 0.0 0.0 0.0 0.0 0.14 0.11 0.0 0.0 0.12 0.12 0.0 0.0 0.35 0.17 0.38 0.21 0.42 0.21 0.0 0.0 0.0 0.0 0.35 0.22 0.34 0.29 0.0 0.0 0.41 0.39 0.0 0.0 0.0 0.0 0.37 0.39 0.32 0.49 0.0 0.0 0.0 0.0 0.35 0.16 0.0 0.0 0.37 0.16
0.15 0.12 0.13 0.17 0.12 0.16 0.09 0.22 0.13 0.25 0.14 0.17 0.17 0.25 0.19 0.21 0.13 0.35 0.15 0.47 0.0 0.0 0.15 0.35 0.0 0.0 0.0 0.0 0.14 0.11 0.0 0.0 0.12 0.12 0.0 0.0 0.35 0.17 0.38 0.21 0.42 0.21 0.0 0.0 0.0 0.0 0.36 0.22 0.34 0.31 0.0 0.0 0.41 0.38 0.0 0.0 0.0 0.0 0.37 0.38 0.32 0.48 0.0 0.0 0.0 0.0 0.35 0.16 0.0 0.0 0.37 0.16
0.15 0.11 0.13 0.17 0.12 0.16 0.09 0.21 0.13 0.25 0.14 0.17 0.17 0.25 0.2 0.22 0.13 0.35 0.0 0.0 0.0 0.0 0.15 0.35 0.0 0.0 0.0 0.0 0.14 0.11 0.0 0.0 0.12 0.12 0.0 0.0 0.35 0.17 0.38 0.21 0.42 0.21 0.0 0.0 0.0 0.0 0.36 0.22 0.34 0.29 0.33 0.35 0.41 0.38 0.0 0.0 0.0 0.0 0.37 0.38 0.32 0.48 0.0 0.0 0.0 0.0 0.35 0.16 0.0 0.0 0.37 0.16
0.15 0.11 0.13 0.17 0.12 0.16 0.09 0.22 0.13 0.24 0.15 0.19 0.17 0.24 0.2 0.22 0.13 0.34 0.0 0.0 0.0 0.0 0.16 0.33 0.0 0.0 0.0 0.0 0.14 0.11 0.0 0.0 0.13 0.12 0.0 0.0 0.35 0.17 0.39 0.21 0.42 0.21 0.0 0.0 0.0 0.0 0.36 0.22 0.35 0.29 0.33 0.36 0.42 0.38 0.0 0.0 0.0 0.0 0.37 0.38 0.32 0.48 0.0 0.0 0.0 0.0 0.35 0.16 0.0 0.0 0.37 0.16
0.15 0.11 0.13 0.17 0.11 0.16 0.09 0.22 0.13 0.24 0.15 0.17 0.17 0.25 0.21 0.23 0.13 0.34 0.0 0.0 0.0 0.0 0.16 0.34 0.18 0.44 0.0 0.0 0.14 0.11 0.0 0.0 0.13 0.11 0.0 0.0 0.35 0.17 0.39 0.21 0.42 0.21 0.0 0.0 0.0 0.0 0.37 0.21 0.35 0.29 0.33 0.35 0.42 0.37 0.0 0.0 0.0 0.0 0.38 0.37 0.0 0.0 0.0 0.0 0.0 0.0 0.35 0.16 0.0 0.0 0.37 0.16
0.35 0.17 0.39 0.21 0.42 0.21 0.0 0.0 0.0 0.0 0.37 0.21 0.37 0.27 0.34 0.35 0.42 0.37 0.0 0.0 0.0 0.0 0.38 0.36 0.0 0.0 0.0 0.0 0.0 0.0 0.36 0.16 0.0 0.0 0.37 0.16 0.15 0.11 0.13 0.17 0.11 0.16 0.09 0.22 0.13 0.24 0.15 0.17 0.17 0.24 0.21 0.25 0.13 0.34 0.15 0.44 0.0 0.0 0.16 0.33 0.19 0.42 0.0 0.0 0.14 0.1 0.0 0.0 0.13 0.11 0.0 0.0
0.35 0.17 0.4 0.21 0.42 0.21 0.0 0.0 0.0 0.0 0.37 0.21 0.37 0.27 0.34 0.34 0.42 0.37 0.42 0.49 0.0 0.0 0.38 0.36 0.0 0.0 0.0 0.0 0.0 0.0 0.36 0.16 0.0 0.0 0.37 0.16 0.15 0.11 0.13 0.17 0.11 0.16 0.09 0.22 0.13 0.23 0.15 0.17 0.17 0.24 0.21 0.26 0.13 0.34 0.0 0.0 0.0 0.0 0.17 0.33 0.19 0.41 0.0 0.0 0.14 0.1 0.0 0.0 0.13 0.11 0.0 0.0
0.36 0.17 0.4 0.2 0.42 0.2 0.0 0.0 0.0 0.0 0.37 0.21 0.37 0.27 0.35 0.34 0.42 0.36 0.42 0.48 0.0 0.0 0.39 0.36 0.0 0.0 0.0 0.0 0.0 0.0 0.36 0.16 0.0 0.0 0.38 0.16 0.15 0.11 0.13 0.16 0.11 0.16 0.09 0.22 0.13 0.23 0.15 0.17 0.17 0.24 0.21 0.27 0.13 0.33 0.15 0.44 0.0 0.0 0.17 0.32 0.2 0.4 0.0 0.0 0.14 0.1 0.0 0.0 0.13 0.11 0.0 0.0
0.36 0.17 0.4 0.2 0.42 0.2 0.0 0.0 0.0 0.0 0.38 0.2 0.38 0.26 0.35 0.33 0.43 0.36 0.0 0.0 0.0 0.0 0.39 0.36 0.0 0.0 0.0 0.0 0.0 0.0 0.36 0.16 0.0 0.0 0.38 0.15 0.15 0.11 0.13 0.16 0.11 0.16 0.09 0.23 0.13 0.23 0.15 0.17 0.17 0.24 0.21 0.27 0.13 0.33 0.0 0.0 0.0 0.0 0.17 0.32 0.21 0.4 0.0 0.0 0.14 0.1 0.0 0.0 0.13 0.11 0.0 0.0
0.36 0.16 0.4 0.2 0.42 0.2 0.0 0.0 0.0 0.0 0.38 0.2 0.38 0.27 0.35 0.33 0.43 0.35 0.0 0.0 0.0 0.0 0.4 0.35 0.0 0.0 0.0 0.0 0.0 0.0 0.36 0.15 0.0 0.0 0.38 0.15 0.15 0.11 0.13 0.16 0.11 0.16 0.09 0.23 0.14 0.23 0.15 0.16 0.17 0.24 0.21 0.27 0.13 0.32 0.15 0.4 0.0 0.0 0.17 0.31 0.21 0.39 0.0 0.0 0.14 0.1 0.0 0.0 0.13 0.11 0.0 0.0
0.15 0.11 0.13 0.16 0.11 0.16 0.1 0.23 0.15 0.23 0.15 0.16 0.18 0.24 0.21 0.29 0.13 0.32 0.15 0.41 0.0 0.0 0.17 0.31 0.22 0.38 0.0 0.0 0.15 0.1 0.0 0.0 0.13 0.11 0.0 0.0 0.36 0.16 0.4 0.2 0.42 0.2 0.0 0.0 0.0 0.0 0.38 0.2 0.4 0.26 0.36 0.31 0.43 0.36 0.42 0.49 0.0 0.0 0.4 0.35 0.0 0.0 0.0 0.0 0.0 0.0 0.37 0.15 0.0 0.0 0.38 0.15
0.15 0.11 0.13 0.16 0.11 0.16 0.1 0.23 0.15 0.23 0.16 0.16 0.18 0.24 0.21 0.29 0.13 0.32 0.15 0.44 0.0 0.0 0.17 0.31 0.23 0.37 0.0 0.0 0.15 0.1 0.0 0.0 0.13 0.11 0.0 0.0 0.37 0.16 0.4 0.19 0.4 0.19 0.0 0.0 0.0 0.0 0.39 0.2 0.4 0.26 0.37 0.31 0.43 0.35 0.42 0.49 0.0 0.0 0.41 0.35 0.0 0.0 0.0 0.0 0.0 0.0 0.37 0.15 0.0 0.0 0.38 0.14
0.15 0.11 0.13 0.16 0.11 0.16 0.1 0.23 0.15 0.23 0.15 0.16 0.18 0.24 0.21 0.29 0.14 0.32 0.15 0.41 0.0 0.0 0.17 0.31 0.23 0.36 0.0 0.0 0.15 0.1 0.0 0.0 0.13 0.11 0.0 0.0 0.37 0.16 0.4 0.19 0.4 0.19 0.4 0.25 0.38 0.25 0.4 0.19 0.4 0.25 0.37 0.29 0.0 0.0 0.0 0.0 0.0 0.0 0.41 0.35 0.0 0.0 0.0 0.0 0.0 0.0 0.37 0.14 0.0 0.0 0.38 0.14
0.15 0.11 0.13 0.16 0.12 0.16 0.1 0.23 0.15 0.23 0.15 0.16 0.18 0.24 0.21 0.29 0.14 0.32 0.15 0.42 0.0 0.0 0.18 0.31 0.23 0.36 0.0 0.0 0.15 0.1 0.0 0.0 0.13 0.11 0.0 0.0 0.37 0.15 0.4 0.19 0.0 0.0 0.0 0.0 0.0 0.0 0.4 0.19 0.41 0.25 0.37 0.29 0.0 0.0 0.0 0.0 0.0 0.0 0.42 0.34 0.0 0.0 0.0 0.0 0.0 0.0 0.37 0.14 0.0 0.0 0.38 0.14
0.15 0.11 0.13 0.16 0.12 0.16 0.1 0.22 0.16 0.23 0.15 0.16 0.18 0.25 0.21 0.29 0.14 0.32 0.15 0.42 0.0 0.0 0.18 0.31 0.23 0.35 0.0 0.0 0.15 0.1 0.0 0.0 0.13 0.11 0.0 0.0 0.37 0.15 0.4 0.19 0.0 0.0 0.0 0.0 0.0 0.0 0.4 0.19 0.42 0.25 0.37 0.28 0.0 0.0 0.0 0.0 0.0 0.0 0.42 0.34 0.0 0.0 0.0 0.0 0.0 0.0 0.37 0.14 0.0 0.0 0.38 0.14
0.15 0.11 0.13 0.16 0.12 0.16 0.11 0.23 0.17 0.23 0.16 0.16 0.0 0.0 0.0 0.0 0.14 0.32 0.15 0.45 0.0 0.0 0.18 0.29 0.24 0.34 0.0 0.0 0.15 0.1 0.0 0.0 0.13 0.11 0.0 0.0 0.37 0.15 0.41 0.19 0.4 0.19 0.0 0.0 0.0 0.0 0.42 0.19 0.42 0.25 0.37 0.27 0.4 0.34 0.0 0.0 0.0 0.0 0.42 0.34 0.0 0.0 0.0 0.0 0.0 0.0 0.37 0.14 0.0 0.0 0.39 0.13
0.15 0.11 0.13 0.16 0.12 0.16 0.12 0.23 0.17 0.23 0.16 0.16 0.0 0.0 0.0 0.0 0.14 0.32 0.15 0.46 0.0 0.0 0.18 0.29 0.24 0.33 0.0 0.0 0.15 0.1 0.0 0.0 0.13 0.11 0.0 0.0 0.37 0.15 0.41 0.19 0.4 0.19 0.0 0.0 0.0 0.0 0.42 0.19 0.42 0.24 0.38 0.27 0.41 0.33 0.0 0.0 0.0 0.0 0.43 0.34 0.0 0.0 0.0 0.0 0.0 0.0 0.37 0.13 0.0 0.0 0.39 0.13
0.15 0.11 0.13 0.16 0.12 0.16 0.12 0.24 0.17 0.23 0.16 0.16 0.0 0.0 0.0 0.0 0.15 0.33 0.15 0.46 0.0 0.0 0.18 0.29 0.24 0.33 0.23 0.44 0.15 0.1 0.0 0.0 0.13 0.11 0.0 0.0 0.37 0.14 0.41 0.19 0.4 0.2 0.0 0.0 0.0 0.0 0.42 0.17 0.42 0.24 0.38 0.26 0.41 0.34 0.0 0.0 0.0 0.0 0.43 0.34 0.0 0.0 0.0 0.0 0.0 0.0 0.38 0.13 0.0 0.0 0.39 0.13
0.15 0.11 0.13 0.16 0.12 0.16 0.12 0.23 0.17 0.23 0.16 0.16 0.0 0.0 0.0 0.0 0.15 0.32 0.15 0.46 0.0 0.0 0.18 0.29 0.24 0.32 0.24 0.42 0.15 0.1 0.0 0.0 0.13 0.11 0.0 0.0 0.37 0.14 0.41 0.19 0.4 0.2 0.0 0.0 0.0 0.0 0.42 0.17 0.43 0.24 0.38 0.26 0.41 0.35 0.0 0.0 0.0 0.0 0.43 0.34 0.0 0.0 0.0 0.0 0.0 0.0 0.38 0.13 0.0 0.0 0.39 0.13
0.16 0.11 0.13 0.16 0.12 0.16 0.13 0.23 0.18 0.22 0.16 0.16 0.0 0.0 0.0 0.0 0.15 0.32 0.15 0.46 0.0 0.0 0.18 0.29 0.24 0.32 0.26 0.4 0.15 0.1 0.0 0.0 0.13 0.11 0.0 0.0 0.38 0.14 0.41 0.19 0.4 0.2 0.0 0.0 0.0 0.0 0.43 0.17 0.43 0.24 0.38 0.25 0.41 0.35 0.0 0.0 0.0 0.0 0.43 0.34 0.37 0.45 0.0 0.0 0.0 0.0 0.38 0.13 0.0 0.0 0.4 0.13
0.16 0.12 0.13 0.17 0.12 0.17 0.13 0.23 0.18 0.23 0.16 0.16 0.0 0.0 0.0 0.0 0.15 0.33 0.15 0.46 0.0 0.0 0.18 0.29 0.24 0.31 0.0 0.0 0.15 0.11 0.0 0.0 0.13 0.11 0.0 0.0 0.38 0.14 0.42 0.19 0.4 0.21 0.0 0.0 0.0 0.0 0.43 0.17 0.43 0.24 0.38 0.24 0.42 0.35 0.0 0.0 0.0 0.0 0.44 0.34 0.0 0.0 0.0 0.0 0.0 0.0 0.38 0.13 0.0 0.0 0.4 0.13
0.16 0.12 0.13 0.17 0.12 0.17 0.13 0.23 0.18 0.23 0.16 0.16 0.0 0.0 0.0 0.0 0.15 0.33 0.15 0.45 0.0 0.0 0.18 0.29 0.24 0.31 0.29 0.37 0.15 0.11 0.0 0.0 0.13 0.12 0.0 0.0 0.38 0.14 0.42 0.19 0.4 0.21 0.4 0.26 0.38 0.28 0.43 0.17 0.43 0.24 0.38 0.24 0.42 0.35 0.38 0.44 0.0 0.0 0.45 0.33 0.0 0.0 0.0 0.0 0.0 0.0 0.38 0.13 0.0 0.0 0.4 0.12
0.16 0.12 0.13 0.17 0.12 0.17 0.13 0.24 0.18 0.23 0.16 0.17 0.0 0.0 0.0 0.0 0.15 0.32 0.0 0.0 0.0 0.0 0.18 0.29 0.25 0.31 0.3 0.36 0.15 0.11 0.0 0.0 0.13 0.12 0.0 0.0 0.38 0.14 0.42 0.19 0.4 0.2 0.4 0.26 0.38 0.29 0.43 0.17 0.43 0.24 0.38 0.24 0.42 0.35 0.38 0.44 0.0 0.0 0.45 0.34 0.0 0.0 0.0 0.0 0.0 0.0 0.38 0.13 0.0 0.0 0.4 0.12
0.16 0.12 0.14 0.17 0.12 0.17 0.13 0.23 0.18 0.23 0.17 0.19 0.0 0.0 0.0 0.0 0.15 0.32 0.0 0.0 0.0 0.0 0.18 0.29 0.0 0.0 0.0 0.0 0.15 0.11 0.0 0.0 0.13 0.12 0.0 0.0 0.38 0.14 0.42 0.19 0.4 0.2 0.4 0.26 0.38 0.29 0.44 0.17 0.44 0.24 0.39 0.23 0.42 0.35 0.39 0.44 0.0 0.0 0.45 0.33 0.4 0.45 0.0 0.0 0.0 0.0 0.38 0.12 0.0 0.0 0.4 0.12
0.16 0.12 0.14 0.17 0.12 0.17 0.13 0.24 0.18 0.23 0.17 0.19 0.0 0.0 0.0 0.0 0.15 0.33 0.0 0.0 0.0 0.0 0.18 0.31 0.0 0.0 0.0 0.0 0.15 0.11 0.0 0.0 0.13 0.12 0.0 0.0 0.38 0.13 0.42 0.19 0.4 0.2 0.39 0.27 0.38 0.29 0.44 0.16 0.44 0.24 0.39 0.23 0.42 0.35 0.4 0.44 0.0 0.0 0.45 0.34 0.41 0.45 0.0 0.0 0.0 0.0 0.38 0.12 0.0 0.0 0.4 0.12
0.38 0.13 0.42 0.19 0.4 0.2 0.39 0.27 0.39 0.31 0.45 0.17 0.45 0.24 0.4 0.22 0.42 0.35 0.0 0.0 0.0 0.0 0.45 0.33 0.0 0.0 0.0 0.0 0.0 0.0 0.39 0.12 0.0 0.0 0.41 0.12 0.16 0.12 0.14 0.17 0.12 0.17 0.13 0.24 0.18 0.23 0.17 0.19 0.18 0.25 0.0 0.0 0.15 0.33 0.0 0.0 0.0 0.0 0.18 0.31 0.0 0.0 0.0 0.0 0.15 0.11 0.0 0.0 0.13 0.12 0.0 0.0
0.39 0.13 0.42 0.19 0.4 0.2 0.39 0.27 0.39 0.31 0.45 0.17 0.45 0.24 0.4 0.22 0.42 0.35 0.0 0.0 0.0 0.0 0.45 0.33 0.0 0.0 0.0 0.0 0.0 0.0 0.39 0.12 0.0 0.0 0.41 0.12 0.16 0.12 0.14 0.17 0.12 0.17 0.13 0.23 0.18 0.23 0.17 0.17 0.19 0.25 0.0 0.0 0.15 0.33 0.0 0.0 0.0 0.0 0.18 0.29 0.0 0.0 0.0 0.0 0.15 0.11 0.0 0.0 0.14 0.12 0.0 0.0
0.16 0.13 0.14 0.19 0.12 0.19 0.13 0.24 0.18 0.23 0.17 0.19 0.19 0.25 0.0 0.0 0.15 0.33 0.0 0.0 0.0 0.0 0.18 0.29 0.0 0.0 0.0 0.0 0.15 0.12 0.0 0.0 0.14 0.12 0.0 0.0 0.39 0.13 0.42 0.19 0.4 0.2 0.39 0.27 0.4 0.31 0.45 0.17 0.45 0.24 0.4 0.22 0.42 0.35 0.0 0.0 0.0 0.0 0.46 0.34 0.0 0.0 0.0 0.0 0.0 0.0 0.39 0.12 0.0 0.0 0.41 0.12
0.16 0.13 0.14 0.19 0.12 0.19 0.13 0.25 0.18 0.23 0.17 0.19 0.18 0.25 0.0 0.0 0.15 0.33 0.0 0.0 0.0 0.0 0.18 0.29 0.0 0.0 0.0 0.0 0.15 0.12 0.0 0.0 0.14 0.12 0.0 0.0 0.39 0.13 0.43 0.19 0.4 0.2 0.39 0.27 0.4 0.31 0.45 0.17 0.45 0.24 0.4 0.22 0.42 0.35 0.0 0.0 0.0 0.0 0.45 0.34 0.43 0.45 0.0 0.0 0.0 0.0 0.39 0.12 0.0 0.0 0.41 0.12
0.39 0.13 0.43 0.19 0.4 0.2 0.39 0.27 0.4 0.32 0.45 0.17 0.45 0.24 0.4 0.22 0.42 0.35 0.41 0.45 0.0 0.0 0.46 0.34 0.43 0.45 0.0 0.0 0.0 0.0 0.4 0.12 0.0 0.0 0.41 0.12 0.16 0.13 0.14 0.17 0.12 0.19 0.13 0.25 0.18 0.23 0.17 0.17 0.0 0.0 0.0 0.0 0.15 0.33 0.0 0.0 0.0 0.0 0.18 0.29 0.0 0.0 0.0 0.0 0.16 0.12 0.0 0.0 0.14 0.12 0.0 0.0
0.16 0.13 0.14 0.19 0.12 0.19 0.13 0.26 0.18 0.23 0.17 0.19 0.2 0.25 0.21 0.27 0.16 0.34 0.0 0.0 0.0 0.0 0.19 0.31 0.0 0.0 0.0 0.0 0.16 0.12 0.0 0.0 0.14 0.12 0.0 0.0 0.4 0.13 0.43 0.19 0.4 0.19 0.39 0.27 0.4 0.32 0.45 0.17 0.45 0.25 0.41 0.21 0.42 0.36 0.0 0.0 0.0 0.0 0.46 0.34 0.0 0.0 0.0 0.0 0.0 0.0 0.4 0.12 0.0 0.0 0.42 0.12
0.16 0.13 0.14 0.19 0.12 0.19 0.13 0.26 0.17 0.23 0.17 0.19 0.2 0.25 0.21 0.27 0.16 0.33 0.0 0.0 0.0 0.0 0.19 0.31 0.25 0.29 0.0 0.0 0.16 0.12 0.0 0.0 0.14 0.12 0.0 0.0 0.4 0.13 0.43 0.19 0.4 0.19 0.39 0.27 0.4 0.32 0.46 0.17 0.45 0.25 0.41 0.21 0.42 0.36 0.0 0.0 0.0 0.0 0.46 0.35 0.0 0.0 0.0 0.0 0.0 0.0 0.4 0.12 0.0 0.0 0.42 0.12
0.17 0.13 0.14 0.19 0.12 0.19 0.13 0.26 0.17 0.23 0.17 0.19 0.2 0.24 0.21 0.27 0.16 0.33 0.0 0.0 0.0 0.0 0.19 0.31 0.0 0.0 0.0 0.0 0.16 0.12 0.0 0.0 0.14 0.12 0.0 0.0 0.4 0.13 0.43 0.19 0.4 0.19 0.39 0.27 0.4 0.32 0.46 0.17 0.45 0.25 0.42 0.22 0.42 0.36 0.0 0.0 0.0 0.0 0.46 0.34 0.0 0.0 0.0 0.0 0.0 0.0 0.4 0.12 0.0 0.0 0.42 0.12
0.17 0.13 0.14 0.19 0.12 0.19 0.12 0.25 0.17 0.23 0.17 0.19 0.2 0.25 0.22 0.27 0.16 0.33 0.0 0.0 0.0 0.0 0.2 0.29 0.26 0.29 0.0 0.0 0.16 0.12 0.0 0.0 0.14 0.12 0.0 0.0 0.4 0.13 0.43 0.19 0.4 0.19 0.39 0.27 0.4 0.32 0.46 0.17 0.45 0.25 0.42 0.22 0.43 0.37 0.0 0.0 0.0 0.0 0.46 0.35 0.0 0.0 0.0 0.0 0.0 0.0 0.4 0.12 0.0 0.0 0.42 0.12
0.17 0.13 0.14 0.19 0.12 0.19 0.12 0.25 0.17 0.23 0.17 0.17 0.2 0.24 0.22 0.27 0.17 0.34 0.0 0.0 0.0 0.0 0.2 0.29 0.27 0.28 0.0 0.0 0.16 0.12 0.0 0.0 0.14 0.13 0.0 0.0 0.4 0.13 0.43 0.19 0.4 0.19 0.4 0.27 0.4 0.32 0.46 0.17 0.46 0.25 0.42 0.22 0.43 0.37 0.0 0.0 0.0 0.0 0.46 0.35 0.47 0.46 0.0 0.0 0.0 0.0 0.4 0.12 0.0 0.0 0.42 0.12
0.17 0.13 0.15 0.19 0.12 0.19 0.12 0.26 0.17 0.23 0.17 0.19 0.2 0.25 0.22 0.27 0.17 0.34 0.0 0.0 0.0 0.0 0.2 0.31 0.26 0.28 0.0 0.0 0.16 0.12 0.0 0.0 0.14 0.13 0.0 0.0 0.4 0.13 0.43 0.19 0.41 0.2 0.4 0.27 0.4 0.32 0.46 0.19 0.46 0.26 0.42 0.22 0.43 0.36 0.0 0.0 0.0 0.0 0.46 0.34 0.0 0.0 0.0 0.0 0.0 0.0 0.4 0.12 0.0 0.0 0.42 0.12
0.17 0.13 0.15 0.19 0.12 0.19 0.12 0.26 0.17 0.23 0.17 0.17 0.2 0.25 0.22 0.27 0.17 0.34 0.0 0.0 0.0 0.0 0.2 0.29 0.0 0.0 0.0 0.0 0.16 0.12 0.0 0.0 0.14 0.13 0.0 0.0 0.4 0.13 0.43 0.19 0.41 0.2 0.4 0.27 0.4 0.32 0.46 0.19 0.46 0.26 0.42 0.22 0.43 0.36 0.0 0.0 0.0 0.0 0.47 0.34 0.0 0.0 0.0 0.0 0.0 0.0 0.4 0.12 0.0 0.0 0.42 0.12
0.17 0.13 0.15 0.19 0.12 0.19 0.12 0.26 0.17 0.23 0.17 0.17 0.2 0.24 0.22 0.27 0.17 0.33 0.0 0.0 0.0 0.0 0.2 0.29 0.0 0.0 0.0 0.0 0.16 0.12 0.0 0.0 0.14 0.13 0.0 0.0 0.4 0.13 0.43 0.19 0.41 0.19 0.4 0.27 0.4 0.32 0.46 0.19 0.46 0.26 0.42 0.23 0.43 0.36 0.42 0.46 0.0 0.0 0.47 0.34 0.0 0.0 0.0 0.0 0.0 0.0 0.41 0.12 0.0 0.0 0.43 0.12
0.17 0.13 0.15 0.19 0.12 0.19 0.12 0.26 0.16 0.24 0.17 0.17 0.2 0.25 0.22 0.27 0.17 0.34 0.0 0.0 0.0 0.0 0.2 0.29 0.26 0.29 0.0 0.0 0.16 0.12 0.0 0.0 0.14 0.13 0.0 0.0 0.4 0.13 0.44 0.19 0.41 0.19 0.4 0.27 0.4 0.32 0.46 0.19 0.46 0.26 0.42 0.23 0.43 0.36 0.0 0.0 0.0 0.0 0.47 0.35 0.0 0.0 0.0 0.0 0.0 0.0 0.41 0.12 0.0 0.0 0.43 0.12
0.4 0.13 0.44 0.19 0.41 0.2 0.4 0.27 0.4 0.32 0.46 0.19 0.46 0.26 0.42 0.23 0.43 0.37 0.0 0.0 0.0 0.0 0.47 0.35 0.0 0.0 0.0 0.0 0.0 0.0 0.41 0.12 0.0 0.0 0.43 0.12 0.17 0.13 0.15 0.19 0.12 0.19 0.12 0.26 0.16 0.24 0.17 0.17 0.2 0.24 0.22 0.27 0.17 0.34 0.0 0.0 0.0 0.0 0.2 0.29 0.26 0.29 0.0 0.0 0.16 0.12 0.0 0.0 0.14 0.13 0.0 0.0
0.17 0.13 0.15 0.19 0.12 0.2 0.12 0.27 0.16 0.24 0.17 0.17 0.2 0.24 0.22 0.27 0.17 0.34 0.0 0.0 0.0 0.0 0.2 0.31 0.0 0.0 0.0 0.0 0.16 0.12 0.0 0.0 0.14 0.13 0.0 0.0 0.41 0.14 0.44 0.19 0.41 0.2 0.4 0.28 0.4 0.32 0.46 0.19 0.46 0.26 0.43 0.23 0.43 0.37 0.0 0.0 0.0 0.0 0.47 0.35 0.0 0.0 0.0 0.0 0.0 0.0 0.41 0.13 0.0 0.0 0.43 0.13
0.17 0.13 0.15 0.19 0.12 0.2 0.12 0.27 0.16 0.24 0.17 0.17 0.21 0.25 0.2 0.22 0.17 0.34 0.0 0.0 0.0 0.0 0.2 0.31 0.0 0.0 0.0 0.0 0.16 0.12 0.0 0.0 0.14 0.13 0.0 0.0 0.41 0.14 0.44 0.2 0.42 0.2 0.4 0.28 0.4 0.32 0.46 0.19 0.46 0.26 0.43 0.24 0.44 0.37 0.0 0.0 0.0 0.0 0.48 0.35 0.0 0.0 0.0 0.0 0.0 0.0 0.41 0.13 0.0 0.0 0.43 0.13
0.17 0.13 0.15 0.19 0.12 0.2 0.12 0.27 0.15 0.24 0.17 0.17 0.2 0.24 0.23 0.28 0.17 0.34 0.0 0.0 0.0 0.0 0.2 0.29 0.27 0.31 0.31 0.36 0.16 0.12 0.0 0.0 0.14 0.13 0.0 0.0 0.41 0.14 0.44 0.2 0.42 0.2 0.4 0.28 0.4 0.31 0.47 0.19 0.46 0.27 0.43 0.24 0.44 0.37 0.0 0.0 0.0 0.0 0.48 0.35 0.0 0.0 0.0 0.0 0.0 0.0 0.42 0.13 0.0 0.0 0.43 0.13
0.17 0.13 0.15 0.19 0.12 0.2 0.12 0.27 0.15 0.24 0.17 0.17 0.2 0.24 0.23 0.28 0.17 0.34 0.0 0.0 0.0 0.0 0.2 0.31 0.27 0.31 0.31 0.37 0.16 0.12 0.0 0.0 0.14 0.13 0.0 0.0 0.41 0.14 0.44 0.2 0.42 0.2 0.4 0.28 0.4 0.31 0.47 0.2 0.47 0.27 0.43 0.24 0.44 0.38 0.0 0.0 0.0 0.0 0.48 0.36 0.0 0.0 0.0 0.0 0.0 0.0 0.42 0.13 0.0 0.0 0.43 0.13
0.17 0.13 0.15 0.19 0.12 0.2 0.12 0.27 0.15 0.24 0.17 0.17 0.2 0.23 0.22 0.28 0.17 0.34 0.0 0.0 0.0 0.0 0.2 0.31 0.27 0.32 0.3 0.38 0.16 0.12 0.0 0.0 0.14 0.13 0.0 0.0 0.41 0.14 0.44 0.2 0.42 0.21 0.4 0.27 0.4 0.31 0.47 0.2 0.47 0.27 0.43 0.24 0.44 0.38 0.0 0.0 0.0 0.0 0.48 0.36 0.0 0.0 0.0 0.0 0.0 0.0 0.42 0.13 0.0 0.0 0.43 0.13
0.17 0.13 0.15 0.19 0.12 0.2 0.12 0.27 0.15 0.24 0.18 0.17 0.2 0.24 0.22 0.28 0.17 0.34 0.16 0.44 0.0 0.0 0.21 0.31 0.27 0.33 0.0 0.0 0.17 0.12 0.17 0.12 0.15 0.13 0.0 0.0 0.42 0.14 0.45 0.2 0.42 0.21 0.4 0.28 0.4 0.31 0.47 0.2 0.47 0.27 0.43 0.25 0.44 0.38 0.0 0.0 0.0 0.0 0.48 0.36 0.0 0.0 0.0 0.0 0.0 0.0 0.42 0.13 0.0 0.0 0.43 0.13
0.17 0.13 0.15 0.19 0.13 0.2 0.12 0.27 0.15 0.24 0.18 0.17 0.2 0.23 0.22 0.28 0.17 0.34 0.16 0.44 0.0 0.0 0.21 0.31 0.27 0.33 0.0 0.0 0.17 0.12 0.17 0.12 0.15 0.13 0.0 0.0 0.42 0.14 0.45 0.2 0.42 0.21 0.4 0.28 0.4 0.31 0.47 0.2 0.47 0.27 0.43 0.25 0.44 0.37 0.0 0.0 0.0 0.0 0.48 0.36 0.0 0.0 0.0 0.0 0.0 0.0 0.42 0.13 0.0 0.0 0.44 0.13
0.17 0.13 0.15 0.19 0.13 0.2 0.12 0.27 0.15 0.24 0.18 0.17 0.2 0.24 0.22 0.28 0.17 0.34 0.16 0.44 0.0 0.0 0.21 0.31 0.27 0.34 0.0 0.0 0.17 0.12 0.17 0.12 0.15 0.13 0.0 0.0 0.42 0.15 0.45 0.2 0.42 0.21 0.4 0.28 0.4 0.31 0.47 0.2 0.47 0.28 0.43 0.25 0.44 0.38 0.0 0.0 0.0 0.0 0.48 0.36 0.0 0.0 0.0 0.0 0.0 0.0 0.42 0.13 0.0 0.0 0.44 0.14
0.42 0.15 0.45 0.21 0.42 0.21 0.4 0.28 0.4 0.31 0.47 0.2 0.47 0.28 0.43 0.25 0.44 0.37 0.0 0.0 0.0 0.0 0.48 0.36 0.0 0.0 0.0 0.0 0.0 0.0 0.42 0.14 0.0 0.0 0.44 0.14 0.17 0.13 0.15 0.19 0.13 0.2 0.12 0.27 0.15 0.24 0.18 0.17 0.2 0.23 0.0 0.0 0.17 0.34 0.16 0.44 0.0 0.0 0.21 0.31 0.27 0.34 0.0 0.0 0.17 0.12 0.0 0.0 0.15 0.13 0.0 0.0
0.42 0.15 0.45 0.21 0.42 0.21 0.4 0.28 0.4 0.31 0.47 0.2 0.47 0.28 0.43 0.25 0.45 0.37 0.0 0.0 0.0 0.0 0.48 0.36 0.0 0.0 0.0 0.0 0.0 0.0 0.42 0.14 0.0 0.0 0.44 0.14 0.17 0.13 0.15 0.19 0.13 0.2 0.12 0.28 0.15 0.24 0.18 0.17 0.2 0.22 0.0 0.0 0.17 0.34 0.0 0.0 0.0 0.0 0.21 0.31 0.27 0.35 0.0 0.0 0.17 0.12 0.17 0.12 0.15 0.13 0.0 0.0
0.17 0.13 0.16 0.19 0.13 0.2 0.12 0.28 0.15 0.24 0.18 0.17 0.2 0.21 0.0 0.0 0.17 0.34 0.0 0.0 0.0 0.0 0.21 0.31 0.27 0.36 0.0 0.0 0.17 0.12 0.17 0.12 0.15 0.13 0.0 0.0 0.42 0.15 0.45 0.21 0.42 0.21 0.41 0.28 0.4 0.31 0.47 0.2 0.47 0.28 0.43 0.26 0.45 0.38 0.41 0.47 0.0 0.0 0.48 0.37 0.0 0.0 0.0 0.0 0.0 0.0 0.42 0.14 0.0 0.0 0.44 0.14
0.17 0.13 0.16 0.19 0.13 0.2 0.12 0.28 0.15 0.24 0.18 0.17 0.21 0.21 0.21 0.27 0.17 0.34 0.0 0.0 0.0 0.0 0.21 0.31 0.27 0.37 0.0 0.0 0.17 0.12 0.17 0.12 0.15 0.13 0.0 0.0 0.42 0.15 0.45 0.21 0.42 0.21 0.41 0.28 0.4 0.31 0.47 0.2 0.47 0.28 0.43 0.25 0.45 0.38 0.0 0.0 0.0 0.0 0.48 0.37 0.0 0.0 0.0 0.0 0.0 0.0 0.42 0.14 0.0 0.0 0.44 0.14
0.18 0.13 0.16 0.19 0.13 0.2 0.12 0.28 0.15 0.24 0.18 0.17 0.21 0.21 0.0 0.0 0.17 0.34 0.0 0.0 0.0 0.0 0.21 0.31 0.27 0.38 0.0 0.0 0.17 0.12 0.17 0.12 0.15 0.13 0.0 0.0 0.42 0.15 0.45 0.21 0.42 0.21 0.41 0.27 0.4 0.31 0.47 0.2 0.47 0.28 0.43 0.25 0.45 0.38 0.0 0.0 0.0 0.0 0.48 0.37 0.0 0.0 0.0 0.0 0.0 0.0 0.42 0.14 0.0 0.0 0.44 0.14
0.18 0.13 0.16 0.19 0.13 0.2 0.12 0.28 0.15 0.24 0.18 0.17 0.21 0.21 0.0 0.0 0.17 0.34 0.0 0.0 0.0 0.0 0.21 0.32 0.27 0.39 0.0 0.0 0.17 0.12 0.17 0.12 0.15 0.13 0.0 0.0 0.42 0.15 0.45 0.21 0.42 0.21 0.41 0.27 0.4 0.31 0.47 0.2 0.47 0.28 0.42 0.25 0.45 0.38 0.41 0.47 0.0 0.0 0.49 0.37 0.0 0.0 0.0 0.0 0.0 0.0 0.42 0.14 0.0 0.0 0.44 0.14
0.42 0.15 0.45 0.21 0.42 0.21 0.41 0.27 0.4 0.31 0.47 0.2 0.46 0.28 0.42 0.25 0.45 0.37 0.0 0.0 0.0 0.0 0.49 0.37 0.0 0.0 0.0 0.0 0.0 0.0 0.42 0.14 0.0 0.0 0.44 0.14 0.18 0.13 0.16 0.19 0.13 0.2 0.12 0.28 0.15 0.24 0.18 0.17 0.21 0.22 0.0 0.0 0.18 0.34 0.0 0.0 0.0 0.0 0.21 0.32 0.27 0.4 0.0 0.0 0.17 0.12 0.17 0.12 0.15 0.13 0.0 0.0
0.42 0.14 0.45 0.21 0.42 0.21 0.41 0.28 0.4 0.32 0.47 0.21 0.46 0.28 0.42 0.25 0.45 0.38 0.0 0.0 0.0 0.0 0.48 0.37 0.0 0.0 0.0 0.0 0.0 0.0 0.42 0.14 0.0 0.0 0.44 0.14 0.18 0.13 0.16 0.19 0.13 0.2 0.12 0.28 0.15 0.24 0.19 0.17 0.21 0.22 0.22 0.29 0.17 0.34 0.0 0.0 0.0 0.0 0.21 0.32 0.26 0.4 0.0 0.0 0.17 0.12 0.18 0.12 0.15 0.13 0.0 0.0
0.42 0.14 0.45 0.21 0.42 0.21 0.42 0.27 0.4 0.32 0.47 0.2 0.46 0.28 0.42 0.25 0.45 0.38 0.0 0.0 0.0 0.0 0.48 0.37 0.0 0.0 0.0 0.0 0.0 0.0 0.42 0.13 0.0 0.0 0.44 0.14 0.18 0.13 0.17 0.19 0.13 0.2 0.12 0.28 0.15 0.24 0.19 0.17 0.21 0.22 0.22 0.28 0.17 0.34 0.0 0.0 0.0 0.0 0.21 0.32 0.26 0.4 0.0 0.0 0.17 0.12 0.18 0.12 0.15 0.13 0.0 0.0
0.42 0.14 0.45 0.21 0.42 0.21 0.42 0.27 0.4 0.32 0.47 0.2 0.46 0.28 0.42 0.24 0.45 0.38 0.0 0.0 0.0 0.0 0.48 0.37 0.0 0.0 0.0 0.0 0.0 0.0 0.42 0.13 0.0 0.0 0.44 0.14 0.18 0.13 0.17 0.19 0.13 0.2 0.12 0.28 0.15 0.24 0.19 0.17 0.21 0.22 0.23 0.29 0.17 0.34 0.0 0.0 0.0 0.0 0.21 0.32 0.26 0.4 0.0 0.0 0.17 0.12 0.18 0.12 0.16 0.13 0.0 0.0
0.42 0.14 0.45 0.21 0.42 0.21 0.42 0.27 0.4 0.32 0.47 0.21 0.45 0.28 0.42 0.24 0.45 0.38 0.0 0.0 0.0 0.0 0.48 0.37 0.0 0.0 0.0 0.0 0.0 0.0 0.42 0.13 0.0 0.0 0.44 0.13 0.18 0.13 0.17 0.19 0.14 0.19 0.13 0.28 0.15 0.24 0.19 0.17 0.21 0.22 0.23 0.29 0.17 0.34 0.0 0.0 0.0 0.0 0.21 0.33 0.26 0.41 0.0 0.0 0.18 0.12 0.18 0.12 0.16 0.13 0.0 0.0
