0.28 0.12 0.29 0.15 0.28 0.15 0.27 0.2 0.26 0.19 0.31 0.16 0.28 0.2 0.26 0.19 0.27 0.25 0.27 0.34 0.29 0.41 0.29 0.26 0.27 0.34 0.29 0.41 0.0 0.0 0.29 0.11 0.0 0.0 0.29 0.12 0.15 0.13 0.13 0.16 0.12 0.15 0.11 0.2 0.14 0.2 0.15 0.17 0.16 0.21 0.15 0.23 0.12 0.25 0.13 0.33 0.12 0.4 0.14 0.26 0.14 0.33 0.13 0.4 0.15 0.13 0.0 0.0 0.14 0.12 0.0 0.0
0.15 0.13 0.13 0.16 0.12 0.15 0.1 0.2 0.13 0.19 0.15 0.16 0.16 0.22 0.15 0.23 0.12 0.26 0.11 0.33 0.1 0.38 0.13 0.26 0.14 0.34 0.12 0.4 0.15 0.12 0.15 0.12 0.13 0.12 0.0 0.0 0.28 0.12 0.29 0.15 0.28 0.15 0.27 0.19 0.26 0.17 0.3 0.15 0.28 0.2 0.26 0.17 0.27 0.25 0.27 0.34 0.28 0.4 0.28 0.26 0.27 0.34 0.28 0.41 0.0 0.0 0.28 0.11 0.0 0.0 0.29 0.11
0.15 0.13 0.13 0.16 0.11 0.15 0.1 0.2 0.13 0.19 0.15 0.16 0.15 0.21 0.14 0.24 0.11 0.26 0.1 0.33 0.08 0.38 0.13 0.26 0.14 0.34 0.12 0.4 0.14 0.12 0.15 0.12 0.13 0.12 0.0 0.0 0.27 0.12 0.29 0.15 0.27 0.15 0.26 0.19 0.26 0.16 0.3 0.16 0.28 0.2 0.26 0.17 0.27 0.25 0.27 0.33 0.28 0.4 0.28 0.26 0.27 0.33 0.28 0.41 0.0 0.0 0.28 0.11 0.0 0.0 0.29 0.12
0.14 0.13 0.12 0.16 0.11 0.15 0.1 0.2 0.12 0.19 0.14 0.16 0.15 0.21 0.14 0.24 0.11 0.26 0.09 0.33 0.07 0.38 0.13 0.26 0.13 0.34 0.12 0.4 0.13 0.12 0.14 0.12 0.12 0.12 0.0 0.0 0.27 0.12 0.28 0.15 0.27 0.15 0.26 0.19 0.26 0.16 0.29 0.16 0.28 0.2 0.26 0.17 0.27 0.25 0.27 0.33 0.27 0.4 0.27 0.26 0.27 0.33 0.27 0.4 0.0 0.0 0.27 0.11 0.0 0.0 0.29 0.11
0.13 0.13 0.12 0.16 0.1 0.16 0.09 0.21 0.12 0.19 0.14 0.16 0.15 0.22 0.13 0.24 0.1 0.26 0.09 0.32 0.07 0.37 0.13 0.26 0.14 0.33 0.12 0.4 0.13 0.12 0.0 0.0 0.12 0.12 0.0 0.0 0.27 0.11 0.28 0.15 0.27 0.15 0.26 0.19 0.25 0.16 0.29 0.15 0.28 0.2 0.26 0.16 0.26 0.26 0.26 0.34 0.27 0.41 0.27 0.26 0.27 0.34 0.27 0.41 0.0 0.0 0.27 0.11 0.0 0.0 0.28 0.11
0.13 0.14 0.12 0.16 0.1 0.16 0.09 0.22 0.12 0.2 0.13 0.17 0.15 0.22 0.13 0.24 0.1 0.26 0.08 0.32 0.07 0.37 0.12 0.27 0.13 0.34 0.12 0.4 0.13 0.13 0.13 0.13 0.12 0.13 0.0 0.0 0.26 0.11 0.28 0.15 0.26 0.14 0.0 0.0 0.0 0.0 0.29 0.15 0.28 0.2 0.26 0.16 0.26 0.25 0.26 0.34 0.27 0.4 0.27 0.26 0.27 0.34 0.27 0.41 0.0 0.0 0.27 0.11 0.0 0.0 0.28 0.11
0.26 0.11 0.27 0.15 0.26 0.14 0.25 0.19 0.24 0.21 0.29 0.15 0.28 0.2 0.26 0.16 0.24 0.23 0.2 0.24 0.19 0.33 0.27 0.25 0.27 0.34 0.27 0.41 0.0 0.0 0.26 0.11 0.0 0.0 0.27 0.11 0.13 0.14 0.12 0.17 0.1 0.16 0.09 0.22 0.12 0.2 0.13 0.17 0.15 0.22 0.13 0.25 0.1 0.27 0.07 0.33 0.07 0.39 0.12 0.27 0.13 0.33 0.12 0.4 0.12 0.13 0.13 0.13 0.11 0.13 0.0 0.0
0.26 0.11 0.27 0.14 0.26 0.14 0.24 0.16 0.0 0.0 0.29 0.15 0.28 0.2 0.26 0.16 0.24 0.24 0.2 0.25 0.2 0.35 0.27 0.25 0.26 0.33 0.27 0.41 0.0 0.0 0.26 0.11 0.0 0.0 0.27 0.11 0.12 0.13 0.12 0.17 0.1 0.16 0.1 0.22 0.12 0.2 0.13 0.17 0.14 0.22 0.13 0.25 0.1 0.26 0.09 0.32 0.07 0.39 0.12 0.27 0.13 0.33 0.12 0.4 0.12 0.13 0.0 0.0 0.11 0.13 0.0 0.0
0.25 0.11 0.27 0.14 0.25 0.14 0.24 0.17 0.24 0.15 0.28 0.15 0.28 0.2 0.26 0.17 0.24 0.23 0.2 0.27 0.2 0.36 0.26 0.25 0.26 0.33 0.27 0.41 0.0 0.0 0.26 0.1 0.0 0.0 0.27 0.11 0.12 0.13 0.12 0.16 0.1 0.16 0.1 0.21 0.12 0.19 0.13 0.16 0.13 0.21 0.13 0.25 0.1 0.26 0.09 0.32 0.07 0.38 0.12 0.26 0.13 0.33 0.12 0.39 0.12 0.12 0.12 0.12 0.1 0.13 0.0 0.0
0.25 0.11 0.26 0.14 0.24 0.14 0.24 0.17 0.0 0.0 0.28 0.14 0.28 0.2 0.26 0.17 0.24 0.24 0.2 0.28 0.2 0.36 0.26 0.25 0.26 0.33 0.27 0.41 0.0 0.0 0.25 0.1 0.0 0.0 0.26 0.11 0.12 0.12 0.11 0.15 0.1 0.15 0.1 0.2 0.12 0.17 0.13 0.15 0.13 0.21 0.13 0.24 0.1 0.25 0.09 0.32 0.07 0.37 0.13 0.25 0.13 0.33 0.12 0.39 0.12 0.12 0.0 0.0 0.1 0.12 0.0 0.0
0.24 0.11 0.26 0.14 0.24 0.14 0.0 0.0 0.0 0.0 0.27 0.14 0.28 0.2 0.26 0.16 0.23 0.24 0.2 0.29 0.0 0.0 0.26 0.25 0.26 0.33 0.27 0.42 0.0 0.0 0.25 0.1 0.0 0.0 0.26 0.11 0.12 0.12 0.11 0.15 0.1 0.15 0.11 0.19 0.12 0.15 0.12 0.15 0.13 0.19 0.14 0.23 0.11 0.25 0.1 0.32 0.07 0.36 0.13 0.24 0.13 0.33 0.12 0.39 0.12 0.11 0.12 0.11 0.1 0.12 0.0 0.0
0.24 0.11 0.25 0.14 0.24 0.14 0.0 0.0 0.0 0.0 0.27 0.14 0.27 0.2 0.26 0.16 0.23 0.24 0.21 0.32 0.2 0.39 0.26 0.25 0.26 0.33 0.27 0.41 0.0 0.0 0.24 0.11 0.0 0.0 0.26 0.11 0.12 0.11 0.11 0.14 0.1 0.15 0.12 0.17 0.13 0.14 0.12 0.14 0.13 0.19 0.14 0.21 0.11 0.24 0.0 0.0 0.0 0.0 0.13 0.24 0.13 0.32 0.12 0.38 0.12 0.11 0.12 0.1 0.1 0.11 0.0 0.0
0.23 0.11 0.25 0.14 0.23 0.14 0.23 0.17 0.23 0.16 0.26 0.14 0.27 0.2 0.25 0.16 0.23 0.25 0.21 0.33 0.2 0.4 0.25 0.25 0.26 0.33 0.27 0.41 0.0 0.0 0.24 0.11 0.0 0.0 0.25 0.11 0.12 0.11 0.1 0.14 0.1 0.14 0.12 0.17 0.13 0.15 0.12 0.14 0.13 0.17 0.14 0.2 0.11 0.24 0.13 0.32 0.12 0.38 0.12 0.23 0.13 0.31 0.12 0.38 0.12 0.1 0.12 0.1 0.1 0.11 0.0 0.0
0.23 0.11 0.24 0.14 0.23 0.14 0.22 0.17 0.23 0.16 0.26 0.15 0.27 0.2 0.25 0.16 0.22 0.25 0.21 0.33 0.21 0.39 0.25 0.25 0.26 0.33 0.27 0.41 0.0 0.0 0.23 0.11 0.0 0.0 0.24 0.11 0.12 0.1 0.1 0.13 0.0 0.0 0.0 0.0 0.0 0.0 0.11 0.13 0.0 0.0 0.0 0.0 0.12 0.23 0.14 0.27 0.1 0.31 0.12 0.22 0.15 0.27 0.12 0.38 0.0 0.0 0.0 0.0 0.0 0.0 0.0 0.0 0.0 0.0 0.0 0.0 0.1 0.13 0.12 0.17 0.14 0.16 0.0 0.0 0.0 0.0 0.0 0.0 0.0 0.0 0.0 0.0 0.0 0.0 0.0 0.0 0.0 0.0 0.0 0.0 0.12 0.1 0.0 0.0 0.1 0.1 0.0 0.0
0.23 0.11 0.24 0.14 0.22 0.14 0.21 0.19 0.23 0.16 0.26 0.14 0.26 0.2 0.24 0.16 0.22 0.25 0.21 0.33 0.21 0.39 0.24 0.25 0.26 0.33 0.27 0.41 0.0 0.0 0.23 0.11 0.0 0.0 0.24 0.11 0.0 0.0 0.0 0.0 0.1 0.13 0.12 0.16 0.14 0.17 0.0 0.0 0.0 0.0 0.0 0.0 0.0 0.0 0.0 0.0 0.0 0.0 0.0 0.0 0.0 0.0 0.0 0.0 0.12 0.1 0.0 0.0 0.1 0.1 0.0 0.0 0.12 0.1 0.1 0.13 0.0 0.0 0.0 0.0 0.0 0.0 0.0 0.0 0.0 0.0 0.0 0.0 0.12 0.22 0.16 0.24 0.12 0.28 0.11 0.22 0.13 0.29 0.12 0.38 0.0 0.0 0.12 0.09 0.0 0.0 0.0 0.0
0.22 0.11 0.24 0.14 0.22 0.14 0.21 0.19 0.0 0.0 0.25 0.14 0.26 0.2 0.24 0.16 0.22 0.24 0.21 0.32 0.21 0.39 0.24 0.24 0.25 0.32 0.27 0.41 0.0 0.0 0.23 0.1 0.0 0.0 0.24 0.11 0.12 0.1 0.11 0.13 0.1 0.13 0.12 0.16 0.13 0.2 0.11 0.12 0.12 0.16 0.14 0.16 0.12 0.22 0.12 0.29 0.12 0.38 0.12 0.21 0.13 0.29 0.12 0.37 0.12 0.1 0.0 0.0 0.1 0.1 0.0 0.0
0.21 0.11 0.23 0.14 0.21 0.14 0.0 0.0 0.0 0.0 0.25 0.14 0.25 0.2 0.23 0.16 0.21 0.24 0.21 0.32 0.21 0.39 0.24 0.24 0.25 0.32 0.27 0.4 0.0 0.0 0.22 0.1 0.0 0.0 0.23 0.11 0.12 0.1 0.1 0.13 0.11 0.13 0.12 0.16 0.13 0.2 0.1 0.13 0.12 0.16 0.13 0.16 0.12 0.23 0.12 0.31 0.12 0.38 0.11 0.23 0.12 0.29 0.12 0.37 0.12 0.1 0.0 0.0 0.1 0.1 0.0 0.0
0.21 0.1 0.23 0.14 0.21 0.14 0.0 0.0 0.0 0.0 0.24 0.14 0.24 0.19 0.23 0.15 0.21 0.24 0.21 0.32 0.21 0.39 0.24 0.24 0.25 0.32 0.27 0.4 0.0 0.0 0.22 0.1 0.0 0.0 0.23 0.1 0.12 0.1 0.1 0.13 0.11 0.13 0.12 0.2 0.0 0.0 0.1 0.13 0.12 0.16 0.14 0.15 0.12 0.23 0.12 0.31 0.12 0.38 0.11 0.23 0.12 0.31 0.12 0.38 0.12 0.1 0.0 0.0 0.1 0.1 0.0 0.0
0.21 0.1 0.23 0.13 0.21 0.13 0.21 0.17 0.21 0.17 0.24 0.13 0.24 0.19 0.23 0.15 0.21 0.23 0.21 0.31 0.21 0.39 0.24 0.23 0.24 0.31 0.27 0.4 0.0 0.0 0.21 0.1 0.0 0.0 0.23 0.1 0.12 0.1 0.1 0.13 0.12 0.13 0.12 0.16 0.12 0.2 0.1 0.13 0.12 0.15 0.13 0.15 0.12 0.23 0.12 0.31 0.12 0.38 0.12 0.23 0.12 0.29 0.12 0.37 0.12 0.1 0.0 0.0 0.1 0.1 0.0 0.0
0.21 0.1 0.23 0.13 0.21 0.13 0.21 0.2 0.21 0.19 0.24 0.13 0.24 0.19 0.22 0.16 0.21 0.24 0.21 0.32 0.21 0.38 0.24 0.24 0.24 0.32 0.27 0.4 0.0 0.0 0.21 0.1 0.0 0.0 0.23 0.1 0.12 0.1 0.1 0.13 0.12 0.13 0.12 0.19 0.12 0.2 0.1 0.13 0.12 0.15 0.13 0.15 0.12 0.22 0.12 0.29 0.12 0.38 0.11 0.22 0.12 0.29 0.12 0.37 0.12 0.1 0.0 0.0 0.1 0.1 0.0 0.0
0.12 0.1 0.1 0.13 0.11 0.13 0.12 0.19 0.13 0.19 0.1 0.13 0.0 0.0 0.0 0.0 0.12 0.22 0.12 0.29 0.12 0.38 0.12 0.22 0.0 0.0 0.0 0.0 0.12 0.1 0.0 0.0 0.1 0.1 0.0 0.0 0.21 0.1 0.23 0.13 0.21 0.13 0.21 0.2 0.2 0.2 0.24 0.13 0.24 0.19 0.23 0.14 0.21 0.24 0.21 0.32 0.21 0.39 0.24 0.24 0.25 0.32 0.27 0.4 0.0 0.0 0.21 0.1 0.0 0.0 0.22 0.1
0.21 0.11 0.23 0.13 0.21 0.13 0.21 0.19 0.0 0.0 0.24 0.13 0.24 0.19 0.23 0.14 0.21 0.24 0.21 0.31 0.21 0.38 0.24 0.24 0.25 0.31 0.27 0.39 0.0 0.0 0.21 0.1 0.0 0.0 0.22 0.1 0.12 0.1 0.1 0.13 0.11 0.12 0.12 0.17 0.14 0.19 0.1 0.13 0.0 0.0 0.0 0.0 0.12 0.22 0.12 0.29 0.12 0.37 0.12 0.22 0.12 0.29 0.12 0.37 0.12 0.1 0.0 0.0 0.1 0.1 0.0 0.0
0.2 0.1 0.23 0.13 0.21 0.13 0.0 0.0 0.0 0.0 0.24 0.13 0.24 0.19 0.22 0.14 0.21 0.24 0.21 0.32 0.21 0.39 0.24 0.24 0.25 0.31 0.27 0.4 0.0 0.0 0.21 0.1 0.0 0.0 0.22 0.1 0.12 0.1 0.1 0.13 0.11 0.12 0.12 0.14 0.0 0.0 0.1 0.14 0.0 0.0 0.0 0.0 0.13 0.22 0.18 0.2 0.0 0.0 0.12 0.23 0.12 0.29 0.12 0.38 0.12 0.1 0.0 0.0 0.1 0.1 0.0 0.0
0.2 0.1 0.23 0.13 0.21 0.13 0.21 0.19 0.0 0.0 0.24 0.13 0.24 0.19 0.22 0.14 0.21 0.24 0.21 0.32 0.21 0.39 0.24 0.24 0.25 0.31 0.27 0.4 0.0 0.0 0.21 0.1 0.0 0.0 0.22 0.1 0.12 0.1 0.1 0.13 0.11 0.12 0.13 0.16 0.15 0.19 0.1 0.14 0.0 0.0 0.0 0.0 0.13 0.22 0.12 0.29 0.12 0.38 0.12 0.22 0.18 0.21 0.17 0.25 0.12 0.1 0.0 0.0 0.11 0.1 0.0 0.0
0.2 0.1 0.23 0.13 0.21 0.13 0.21 0.19 0.21 0.22 0.24 0.13 0.24 0.17 0.22 0.14 0.21 0.24 0.21 0.31 0.21 0.39 0.24 0.24 0.25 0.31 0.27 0.4 0.0 0.0 0.21 0.1 0.0 0.0 0.22 0.1 0.12 0.1 0.1 0.13 0.11 0.12 0.13 0.15 0.15 0.17 0.1 0.14 0.0 0.0 0.0 0.0 0.13 0.21 0.18 0.22 0.16 0.27 0.12 0.22 0.12 0.29 0.0 0.0 0.12 0.1 0.0 0.0 0.11 0.1 0.0 0.0
0.2 0.1 0.23 0.13 0.21 0.13 0.0 0.0 0.0 0.0 0.24 0.12 0.24 0.17 0.22 0.14 0.21 0.23 0.21 0.31 0.21 0.38 0.24 0.23 0.25 0.31 0.27 0.4 0.0 0.0 0.21 0.1 0.0 0.0 0.22 0.1 0.12 0.1 0.1 0.12 0.12 0.11 0.13 0.15 0.15 0.17 0.1 0.13 0.0 0.0 0.0 0.0 0.13 0.21 0.18 0.23 0.16 0.29 0.12 0.22 0.12 0.29 0.12 0.37 0.12 0.09 0.0 0.0 0.11 0.09 0.0 0.0
0.2 0.1 0.23 0.13 0.21 0.13 0.0 0.0 0.0 0.0 0.24 0.12 0.24 0.17 0.22 0.14 0.21 0.23 0.21 0.31 0.21 0.38 0.24 0.23 0.25 0.31 0.27 0.39 0.0 0.0 0.21 0.09 0.0 0.0 0.22 0.1 0.13 0.1 0.11 0.12 0.12 0.11 0.13 0.15 0.15 0.16 0.1 0.13 0.0 0.0 0.0 0.0 0.13 0.21 0.17 0.24 0.16 0.31 0.12 0.22 0.12 0.29 0.12 0.37 0.12 0.09 0.0 0.0 0.11 0.09 0.0 0.0
0.21 0.1 0.23 0.13 0.21 0.13 0.0 0.0 0.0 0.0 0.24 0.12 0.24 0.17 0.22 0.14 0.22 0.23 0.21 0.31 0.21 0.38 0.24 0.23 0.24 0.31 0.27 0.39 0.0 0.0 0.21 0.09 0.0 0.0 0.22 0.09 0.13 0.1 0.11 0.12 0.12 0.11 0.13 0.14 0.16 0.17 0.1 0.13 0.0 0.0 0.0 0.0 0.13 0.21 0.17 0.25 0.17 0.34 0.12 0.22 0.12 0.29 0.12 0.37 0.12 0.09 0.0 0.0 0.12 0.09 0.0 0.0
0.13 0.09 0.11 0.12 0.12 0.11 0.13 0.15 0.16 0.17 0.1 0.13 0.0 0.0 0.0 0.0 0.13 0.21 0.17 0.27 0.17 0.35 0.12 0.22 0.13 0.29 0.12 0.37 0.13 0.09 0.0 0.0 0.12 0.09 0.0 0.0 0.21 0.1 0.23 0.12 0.21 0.13 0.21 0.17 0.21 0.21 0.24 0.12 0.24 0.17 0.22 0.14 0.22 0.23 0.21 0.31 0.21 0.38 0.24 0.23 0.24 0.31 0.27 0.39 0.0 0.0 0.21 0.09 0.0 0.0 0.22 0.09
0.13 0.09 0.12 0.12 0.12 0.11 0.13 0.15 0.16 0.17 0.1 0.13 0.0 0.0 0.0 0.0 0.13 0.21 0.17 0.28 0.17 0.36 0.12 0.22 0.13 0.29 0.12 0.37 0.13 0.09 0.0 0.0 0.12 0.09 0.0 0.0 0.21 0.1 0.23 0.12 0.21 0.13 0.21 0.17 0.21 0.21 0.24 0.12 0.24 0.16 0.22 0.14 0.22 0.23 0.21 0.31 0.21 0.38 0.24 0.23 0.24 0.31 0.27 0.39 0.0 0.0 0.21 0.09 0.0 0.0 0.22 0.09
0.21 0.09 0.23 0.12 0.22 0.12 0.21 0.17 0.21 0.21 0.24 0.12 0.24 0.17 0.22 0.14 0.22 0.23 0.21 0.31 0.21 0.38 0.24 0.23 0.24 0.31 0.28 0.39 0.0 0.0 0.21 0.09 0.0 0.0 0.22 0.09 0.13 0.09 0.12 0.12 0.13 0.11 0.13 0.15 0.16 0.17 0.1 0.13 0.0 0.0 0.0 0.0 0.14 0.22 0.17 0.29 0.17 0.37 0.12 0.22 0.13 0.29 0.12 0.37 0.13 0.09 0.0 0.0 0.12 0.09 0.0 0.0
0.21 0.09 0.23 0.13 0.22 0.13 0.21 0.17 0.21 0.21 0.24 0.12 0.24 0.17 0.23 0.14 0.22 0.23 0.21 0.31 0.21 0.38 0.24 0.23 0.24 0.31 0.27 0.38 0.0 0.0 0.21 0.09 0.0 0.0 0.23 0.09 0.13 0.09 0.12 0.12 0.13 0.12 0.14 0.16 0.16 0.17 0.1 0.13 0.0 0.0 0.0 0.0 0.14 0.22 0.16 0.29 0.17 0.38 0.12 0.23 0.13 0.29 0.13 0.37 0.13 0.09 0.0 0.0 0.12 0.09 0.0 0.0
