0.0 0.0 0.17 0.17 0.18 0.19 0.19 0.24 0.2 0.29 0.14 0.17 0.13 0.23 0.0 0.0 0.18 0.28 0.2 0.37 0.21 0.46 0.15 0.29 0.15 0.37 0.15 0.45 0.18 0.13 0.0 0.0 0.17 0.14 0.0 0.0 0.29 0.11 0.32 0.14 0.31 0.14 0.0 0.0 0.0 0.0 0.32 0.15 0.31 0.2 0.29 0.17 0.29 0.24 0.0 0.0 0.0 0.0 0.31 0.25 0.29 0.33 0.28 0.4 0.0 0.0 0.3 0.11 0.0 0.0 0.31 0.11
0.29 0.12 0.31 0.15 0.3 0.15 0.29 0.16 0.28 0.17 0.33 0.16 0.31 0.21 0.29 0.17 0.28 0.24 0.0 0.0 0.0 0.0 0.3 0.26 0.29 0.35 0.0 0.0 0.0 0.0 0.29 0.11 0.0 0.0 0.31 0.11 0.0 0.0 0.17 0.17 0.18 0.19 0.19 0.24 0.2 0.29 0.14 0.17 0.13 0.23 0.0 0.0 0.18 0.28 0.2 0.37 0.2 0.45 0.15 0.28 0.15 0.37 0.15 0.45 0.18 0.13 0.0 0.0 0.17 0.14 0.0 0.0
0.0 0.0 0.16 0.17 0.18 0.17 0.19 0.24 0.19 0.29 0.14 0.17 0.13 0.23 0.0 0.0 0.18 0.28 0.19 0.37 0.2 0.45 0.15 0.28 0.15 0.37 0.15 0.45 0.0 0.0 0.0 0.0 0.17 0.14 0.15 0.14 0.29 0.13 0.31 0.16 0.29 0.15 0.28 0.17 0.0 0.0 0.32 0.16 0.31 0.21 0.29 0.19 0.28 0.24 0.0 0.0 0.0 0.0 0.3 0.26 0.0 0.0 0.0 0.0 0.0 0.0 0.29 0.12 0.0 0.0 0.31 0.12
0.18 0.14 0.16 0.17 0.18 0.17 0.19 0.24 0.19 0.29 0.14 0.17 0.13 0.23 0.0 0.0 0.18 0.29 0.19 0.37 0.2 0.45 0.15 0.29 0.15 0.37 0.15 0.45 0.17 0.13 0.0 0.0 0.17 0.14 0.0 0.0 0.29 0.13 0.31 0.16 0.29 0.16 0.27 0.17 0.0 0.0 0.32 0.17 0.31 0.22 0.29 0.19 0.27 0.25 0.0 0.0 0.0 0.0 0.29 0.26 0.0 0.0 0.0 0.0 0.0 0.0 0.29 0.13 0.0 0.0 0.31 0.13
0.0 0.0 0.16 0.17 0.18 0.17 0.19 0.24 0.19 0.29 0.14 0.17 0.13 0.23 0.0 0.0 0.17 0.28 0.19 0.37 0.2 0.45 0.15 0.28 0.15 0.37 0.15 0.45 0.0 0.0 0.0 0.0 0.17 0.14 0.0 0.0 0.29 0.14 0.31 0.17 0.29 0.16 0.27 0.19 0.28 0.19 0.32 0.17 0.31 0.23 0.29 0.2 0.27 0.24 0.0 0.0 0.0 0.0 0.29 0.26 0.0 0.0 0.0 0.0 0.0 0.0 0.29 0.13 0.0 0.0 0.31 0.13
0.29 0.14 0.31 0.17 0.29 0.16 0.27 0.2 0.0 0.0 0.32 0.19 0.31 0.23 0.29 0.2 0.26 0.25 0.0 0.0 0.0 0.0 0.28 0.27 0.27 0.36 0.27 0.44 0.0 0.0 0.29 0.14 0.0 0.0 0.31 0.14 0.0 0.0 0.16 0.17 0.18 0.19 0.18 0.24 0.19 0.29 0.13 0.17 0.13 0.23 0.0 0.0 0.17 0.28 0.19 0.37 0.2 0.45 0.15 0.28 0.15 0.37 0.15 0.45 0.0 0.0 0.0 0.0 0.17 0.14 0.0 0.0
0.0 0.0 0.15 0.17 0.17 0.17 0.18 0.24 0.19 0.29 0.13 0.17 0.13 0.23 0.0 0.0 0.17 0.28 0.18 0.37 0.2 0.45 0.15 0.28 0.15 0.37 0.15 0.45 0.0 0.0 0.0 0.0 0.17 0.14 0.15 0.14 0.29 0.14 0.3 0.17 0.29 0.16 0.26 0.21 0.25 0.24 0.32 0.19 0.31 0.24 0.29 0.2 0.26 0.25 0.0 0.0 0.0 0.0 0.28 0.27 0.27 0.36 0.27 0.42 0.0 0.0 0.29 0.14 0.0 0.0 0.31 0.14
0.0 0.0 0.15 0.17 0.17 0.17 0.18 0.24 0.18 0.29 0.13 0.17 0.13 0.23 0.0 0.0 0.17 0.28 0.18 0.37 0.2 0.45 0.14 0.28 0.15 0.37 0.15 0.45 0.0 0.0 0.0 0.0 0.17 0.14 0.15 0.14 0.29 0.15 0.3 0.17 0.29 0.16 0.26 0.2 0.24 0.24 0.32 0.2 0.3 0.24 0.28 0.2 0.25 0.25 0.21 0.26 0.0 0.0 0.27 0.28 0.27 0.37 0.0 0.0 0.29 0.14 0.29 0.14 0.0 0.0 0.31 0.14
0.29 0.15 0.3 0.17 0.28 0.16 0.26 0.19 0.24 0.24 0.32 0.2 0.3 0.24 0.29 0.21 0.25 0.25 0.22 0.27 0.0 0.0 0.27 0.27 0.27 0.34 0.27 0.44 0.29 0.14 0.29 0.14 0.0 0.0 0.31 0.15 0.0 0.0 0.15 0.17 0.17 0.19 0.18 0.24 0.18 0.29 0.13 0.17 0.13 0.23 0.0 0.0 0.17 0.28 0.18 0.37 0.2 0.45 0.14 0.28 0.15 0.37 0.15 0.45 0.0 0.0 0.0 0.0 0.17 0.14 0.15 0.14
0.29 0.14 0.29 0.17 0.28 0.16 0.25 0.19 0.23 0.23 0.31 0.2 0.3 0.24 0.28 0.21 0.25 0.25 0.22 0.28 0.0 0.0 0.27 0.27 0.27 0.34 0.27 0.42 0.0 0.0 0.29 0.14 0.0 0.0 0.31 0.14 0.0 0.0 0.15 0.17 0.17 0.19 0.18 0.24 0.18 0.29 0.13 0.17 0.13 0.23 0.0 0.0 0.17 0.28 0.18 0.37 0.2 0.45 0.15 0.28 0.15 0.37 0.15 0.45 0.0 0.0 0.0 0.0 0.17 0.14 0.15 0.14
0.29 0.14 0.29 0.17 0.27 0.16 0.25 0.19 0.23 0.22 0.31 0.19 0.29 0.24 0.28 0.21 0.24 0.25 0.21 0.29 0.21 0.36 0.27 0.27 0.27 0.35 0.27 0.44 0.0 0.0 0.29 0.14 0.0 0.0 0.31 0.14 0.0 0.0 0.15 0.17 0.17 0.19 0.18 0.24 0.18 0.29 0.13 0.17 0.13 0.23 0.0 0.0 0.17 0.28 0.18 0.37 0.2 0.45 0.15 0.28 0.15 0.37 0.15 0.45 0.0 0.0 0.0 0.0 0.17 0.14 0.15 0.14
0.28 0.14 0.29 0.17 0.27 0.15 0.24 0.19 0.23 0.22 0.31 0.19 0.29 0.24 0.28 0.21 0.24 0.25 0.21 0.31 0.21 0.39 0.27 0.27 0.27 0.35 0.27 0.44 0.28 0.13 0.29 0.14 0.0 0.0 0.3 0.14 0.0 0.0 0.15 0.17 0.17 0.19 0.18 0.24 0.19 0.29 0.13 0.17 0.13 0.23 0.0 0.0 0.17 0.29 0.18 0.37 0.2 0.45 0.15 0.29 0.15 0.38 0.15 0.45 0.0 0.0 0.0 0.0 0.17 0.14 0.0 0.0
0.0 0.0 0.15 0.19 0.17 0.19 0.18 0.25 0.19 0.29 0.13 0.17 0.13 0.23 0.0 0.0 0.17 0.29 0.18 0.37 0.2 0.45 0.15 0.29 0.15 0.37 0.15 0.45 0.0 0.0 0.0 0.0 0.17 0.14 0.0 0.0 0.28 0.14 0.29 0.16 0.27 0.15 0.24 0.19 0.23 0.23 0.31 0.19 0.29 0.24 0.28 0.21 0.24 0.25 0.21 0.32 0.21 0.4 0.27 0.27 0.27 0.35 0.27 0.44 0.28 0.13 0.29 0.13 0.0 0.0 0.3 0.14 0.0 0.0 0.37 0.12 0.38 0.12 0.39 0.14 0.0 0.0 0.0 0.0 0.0 0.0 0.0 0.0 0.38 0.19 0.0 0.0 0.0 0.0 0.36 0.19 0.0 0.0 0.0 0.0 0.0 0.0 0.0 0.0 0.0 0.0 0.0 0.0
0.0 0.0 0.16 0.19 0.18 0.19 0.18 0.25 0.19 0.29 0.14 0.17 0.13 0.23 0.0 0.0 0.17 0.29 0.18 0.37 0.2 0.45 0.15 0.29 0.15 0.37 0.15 0.45 0.0 0.0 0.0 0.0 0.17 0.14 0.0 0.0 0.27 0.14 0.29 0.16 0.27 0.15 0.24 0.19 0.23 0.23 0.3 0.17 0.29 0.24 0.28 0.21 0.24 0.25 0.21 0.33 0.21 0.42 0.27 0.27 0.27 0.35 0.27 0.44 0.28 0.13 0.28 0.13 0.0 0.0 0.29 0.13
0.27 0.13 0.28 0.16 0.26 0.15 0.24 0.2 0.23 0.24 0.3 0.17 0.29 0.24 0.28 0.21 0.24 0.26 0.22 0.33 0.0 0.0 0.27 0.27 0.27 0.35 0.27 0.44 0.0 0.0 0.28 0.13 0.0 0.0 0.29 0.13 0.0 0.0 0.16 0.19 0.18 0.19 0.19 0.25 0.2 0.29 0.14 0.17 0.13 0.23 0.0 0.0 0.17 0.29 0.18 0.37 0.2 0.45 0.15 0.29 0.15 0.37 0.15 0.45 0.0 0.0 0.0 0.0 0.17 0.14 0.15 0.14
0.27 0.13 0.27 0.16 0.26 0.15 0.24 0.2 0.23 0.24 0.29 0.17 0.29 0.24 0.27 0.21 0.24 0.26 0.22 0.34 0.21 0.41 0.27 0.27 0.27 0.35 0.27 0.44 0.27 0.12 0.27 0.13 0.0 0.0 0.29 0.13 0.0 0.0 0.16 0.19 0.18 0.19 0.19 0.25 0.2 0.29 0.14 0.19 0.13 0.23 0.0 0.0 0.17 0.29 0.18 0.38 0.2 0.46 0.15 0.29 0.15 0.37 0.15 0.45 0.0 0.0 0.0 0.0 0.17 0.14 0.0 0.0
0.0 0.0 0.16 0.19 0.18 0.19 0.19 0.25 0.2 0.29 0.14 0.19 0.13 0.23 0.0 0.0 0.17 0.29 0.18 0.37 0.2 0.45 0.15 0.29 0.15 0.37 0.15 0.45 0.0 0.0 0.0 0.0 0.17 0.14 0.0 0.0 0.27 0.13 0.27 0.16 0.26 0.15 0.23 0.2 0.23 0.25 0.29 0.17 0.29 0.24 0.27 0.21 0.24 0.26 0.23 0.34 0.21 0.41 0.26 0.27 0.27 0.35 0.27 0.44 0.27 0.12 0.27 0.13 0.0 0.0 0.28 0.13
0.0 0.0 0.16 0.19 0.18 0.19 0.19 0.24 0.2 0.28 0.14 0.19 0.0 0.0 0.0 0.0 0.17 0.29 0.18 0.38 0.2 0.45 0.15 0.29 0.15 0.38 0.15 0.45 0.0 0.0 0.0 0.0 0.17 0.14 0.0 0.0 0.26 0.13 0.27 0.16 0.25 0.15 0.23 0.2 0.23 0.25 0.29 0.17 0.29 0.23 0.27 0.22 0.24 0.27 0.23 0.35 0.21 0.42 0.26 0.28 0.27 0.35 0.26 0.42 0.26 0.12 0.27 0.13 0.0 0.0 0.28 0.13
0.26 0.13 0.27 0.16 0.25 0.15 0.23 0.2 0.23 0.25 0.29 0.17 0.29 0.23 0.27 0.22 0.24 0.26 0.23 0.35 0.21 0.42 0.26 0.28 0.27 0.35 0.26 0.42 0.26 0.12 0.27 0.13 0.0 0.0 0.28 0.13 0.0 0.0 0.16 0.19 0.18 0.19 0.19 0.24 0.2 0.28 0.14 0.19 0.0 0.0 0.0 0.0 0.17 0.29 0.18 0.38 0.2 0.45 0.15 0.29 0.15 0.38 0.15 0.45 0.0 0.0 0.0 0.0 0.17 0.14 0.0 0.0
