0.14 0.13 0.12 0.16 0.09 0.15 0.09 0.22 0.12 0.19 0.13 0.16 0.14 0.23 0.15 0.26 0.09 0.28 0.06 0.36 0.03 0.42 0.12 0.28 0.15 0.34 0.15 0.44 0.13 0.12 0.0 0.0 0.12 0.13 0.0 0.0 0.34 0.1 0.36 0.13 0.38 0.14 0.0 0.0 0.0 0.0 0.34 0.13 0.31 0.17 0.27 0.23 0.35 0.26 0.32 0.35 0.31 0.44 0.33 0.24 0.0 0.0 0.0 0.0 0.0 0.0 0.34 0.09 0.0 0.0 0.35 0.09
0.13 0.13 0.11 0.16 0.09 0.16 0.09 0.22 0.12 0.2 0.13 0.16 0.14 0.23 0.15 0.26 0.09 0.28 0.06 0.37 0.02 0.42 0.12 0.28 0.15 0.34 0.14 0.44 0.13 0.13 0.0 0.0 0.12 0.13 0.0 0.0 0.34 0.1 0.36 0.14 0.38 0.14 0.0 0.0 0.0 0.0 0.34 0.13 0.31 0.19 0.27 0.23 0.35 0.26 0.32 0.35 0.3 0.45 0.33 0.25 0.0 0.0 0.0 0.0 0.0 0.0 0.34 0.09 0.0 0.0 0.35 0.09
0.13 0.14 0.11 0.17 0.09 0.16 0.09 0.22 0.12 0.2 0.13 0.17 0.14 0.23 0.15 0.26 0.09 0.29 0.06 0.36 0.03 0.42 0.12 0.29 0.14 0.35 0.13 0.44 0.13 0.13 0.0 0.0 0.12 0.13 0.0 0.0 0.34 0.1 0.36 0.14 0.37 0.15 0.0 0.0 0.0 0.0 0.34 0.14 0.31 0.19 0.27 0.23 0.34 0.28 0.32 0.37 0.3 0.46 0.32 0.25 0.0 0.0 0.0 0.0 0.0 0.0 0.34 0.1 0.0 0.0 0.35 0.1
0.13 0.14 0.1 0.17 0.09 0.17 0.09 0.23 0.12 0.2 0.12 0.17 0.13 0.23 0.15 0.26 0.09 0.29 0.06 0.35 0.03 0.42 0.12 0.29 0.14 0.35 0.12 0.42 0.13 0.13 0.0 0.0 0.12 0.13 0.0 0.0 0.34 0.11 0.35 0.14 0.37 0.14 0.0 0.0 0.0 0.0 0.34 0.14 0.31 0.19 0.27 0.23 0.34 0.28 0.32 0.37 0.3 0.46 0.32 0.26 0.0 0.0 0.0 0.0 0.0 0.0 0.34 0.1 0.0 0.0 0.35 0.1
0.13 0.14 0.1 0.17 0.09 0.17 0.09 0.23 0.12 0.21 0.12 0.17 0.13 0.23 0.15 0.26 0.09 0.29 0.06 0.37 0.03 0.42 0.12 0.31 0.13 0.36 0.12 0.42 0.13 0.14 0.0 0.0 0.11 0.14 0.0 0.0 0.33 0.11 0.35 0.15 0.37 0.15 0.0 0.0 0.0 0.0 0.34 0.14 0.31 0.19 0.27 0.23 0.34 0.28 0.32 0.37 0.3 0.46 0.31 0.27 0.31 0.36 0.31 0.44 0.0 0.0 0.34 0.1 0.0 0.0 0.34 0.11
0.13 0.14 0.1 0.17 0.09 0.17 0.08 0.23 0.11 0.22 0.12 0.19 0.13 0.23 0.15 0.25 0.09 0.31 0.06 0.37 0.03 0.42 0.12 0.31 0.13 0.37 0.11 0.41 0.12 0.14 0.0 0.0 0.11 0.14 0.0 0.0 0.33 0.11 0.35 0.15 0.37 0.15 0.0 0.0 0.0 0.0 0.34 0.15 0.31 0.2 0.27 0.24 0.34 0.28 0.32 0.36 0.31 0.45 0.31 0.27 0.31 0.36 0.31 0.45 0.0 0.0 0.34 0.1 0.0 0.0 0.34 0.11
0.13 0.14 0.1 0.17 0.09 0.17 0.07 0.23 0.11 0.23 0.12 0.19 0.13 0.23 0.15 0.25 0.09 0.31 0.06 0.35 0.03 0.42 0.12 0.31 0.13 0.37 0.11 0.42 0.12 0.14 0.0 0.0 0.11 0.14 0.0 0.0 0.33 0.11 0.35 0.15 0.37 0.15 0.0 0.0 0.0 0.0 0.34 0.15 0.31 0.2 0.0 0.0 0.34 0.28 0.32 0.36 0.31 0.45 0.31 0.26 0.0 0.0 0.0 0.0 0.0 0.0 0.34 0.1 0.0 0.0 0.34 0.11
0.33 0.11 0.35 0.15 0.37 0.15 0.0 0.0 0.0 0.0 0.34 0.14 0.31 0.2 0.28 0.23 0.34 0.27 0.32 0.36 0.31 0.46 0.31 0.26 0.31 0.36 0.0 0.0 0.0 0.0 0.33 0.1 0.0 0.0 0.34 0.11 0.13 0.14 0.1 0.19 0.09 0.17 0.07 0.23 0.1 0.24 0.12 0.19 0.13 0.22 0.15 0.24 0.09 0.29 0.06 0.36 0.04 0.42 0.12 0.31 0.12 0.37 0.12 0.44 0.12 0.14 0.0 0.0 0.11 0.14 0.0 0.0
0.33 0.11 0.35 0.15 0.37 0.15 0.37 0.22 0.0 0.0 0.34 0.14 0.31 0.2 0.21 0.26 0.34 0.27 0.32 0.37 0.31 0.46 0.31 0.26 0.31 0.36 0.0 0.0 0.0 0.0 0.33 0.1 0.0 0.0 0.34 0.1 0.13 0.14 0.1 0.19 0.08 0.17 0.07 0.23 0.09 0.25 0.12 0.19 0.13 0.22 0.15 0.24 0.09 0.29 0.06 0.36 0.04 0.42 0.12 0.31 0.12 0.37 0.12 0.42 0.12 0.14 0.0 0.0 0.11 0.14 0.0 0.0
0.12 0.14 0.1 0.17 0.09 0.17 0.07 0.22 0.07 0.25 0.13 0.17 0.15 0.23 0.14 0.23 0.09 0.29 0.06 0.36 0.04 0.44 0.12 0.29 0.12 0.36 0.12 0.42 0.12 0.13 0.0 0.0 0.1 0.13 0.0 0.0 0.33 0.11 0.35 0.15 0.37 0.16 0.37 0.23 0.0 0.0 0.33 0.14 0.31 0.19 0.27 0.24 0.33 0.27 0.32 0.36 0.31 0.46 0.31 0.25 0.25 0.25 0.22 0.31 0.0 0.0 0.33 0.1 0.0 0.0 0.34 0.1
0.12 0.13 0.11 0.17 0.09 0.17 0.07 0.21 0.07 0.25 0.13 0.17 0.15 0.23 0.13 0.22 0.09 0.28 0.07 0.36 0.04 0.44 0.12 0.29 0.12 0.36 0.12 0.42 0.12 0.13 0.0 0.0 0.1 0.13 0.0 0.0 0.33 0.11 0.35 0.15 0.37 0.15 0.37 0.23 0.0 0.0 0.33 0.14 0.31 0.19 0.27 0.24 0.33 0.27 0.32 0.36 0.31 0.46 0.31 0.25 0.25 0.25 0.23 0.32 0.0 0.0 0.33 0.1 0.0 0.0 0.34 0.1
0.33 0.11 0.35 0.15 0.37 0.15 0.37 0.22 0.0 0.0 0.33 0.14 0.31 0.19 0.27 0.24 0.33 0.27 0.32 0.36 0.31 0.46 0.31 0.25 0.25 0.26 0.23 0.33 0.0 0.0 0.33 0.1 0.0 0.0 0.34 0.1 0.12 0.13 0.11 0.16 0.09 0.16 0.07 0.21 0.06 0.25 0.13 0.16 0.14 0.23 0.13 0.22 0.09 0.28 0.07 0.35 0.04 0.44 0.12 0.29 0.12 0.36 0.12 0.42 0.12 0.12 0.12 0.12 0.1 0.13 0.0 0.0
0.12 0.13 0.11 0.16 0.09 0.16 0.07 0.21 0.06 0.24 0.13 0.16 0.15 0.23 0.12 0.22 0.09 0.28 0.07 0.35 0.04 0.42 0.12 0.28 0.12 0.36 0.12 0.42 0.12 0.12 0.12 0.12 0.1 0.12 0.0 0.0 0.33 0.11 0.35 0.15 0.37 0.15 0.37 0.22 0.0 0.0 0.33 0.14 0.3 0.19 0.27 0.24 0.33 0.27 0.32 0.36 0.31 0.46 0.31 0.25 0.25 0.26 0.23 0.33 0.0 0.0 0.33 0.1 0.0 0.0 0.34 0.1
0.32 0.11 0.34 0.15 0.37 0.16 0.37 0.23 0.0 0.0 0.32 0.14 0.3 0.19 0.27 0.25 0.33 0.27 0.32 0.36 0.31 0.46 0.31 0.25 0.25 0.27 0.23 0.37 0.0 0.0 0.33 0.1 0.0 0.0 0.34 0.1 0.12 0.12 0.11 0.16 0.09 0.15 0.07 0.2 0.06 0.23 0.13 0.16 0.14 0.22 0.12 0.22 0.09 0.27 0.07 0.34 0.05 0.42 0.12 0.28 0.12 0.36 0.13 0.44 0.12 0.11 0.12 0.11 0.1 0.12 0.0 0.0
0.12 0.12 0.11 0.15 0.09 0.15 0.08 0.21 0.07 0.23 0.13 0.15 0.14 0.22 0.12 0.22 0.1 0.27 0.07 0.35 0.05 0.42 0.12 0.27 0.12 0.36 0.13 0.44 0.11 0.11 0.12 0.11 0.1 0.11 0.12 0.12 0.32 0.11 0.34 0.14 0.36 0.15 0.37 0.23 0.0 0.0 0.32 0.14 0.3 0.19 0.27 0.24 0.33 0.27 0.32 0.36 0.31 0.46 0.3 0.25 0.25 0.28 0.24 0.36 0.0 0.0 0.33 0.1 0.0 0.0 0.34 0.1
0.11 0.11 0.11 0.15 0.09 0.15 0.08 0.21 0.07 0.23 0.13 0.15 0.14 0.22 0.11 0.22 0.1 0.27 0.07 0.34 0.05 0.42 0.13 0.27 0.12 0.36 0.13 0.44 0.1 0.11 0.12 0.11 0.1 0.11 0.12 0.11 0.32 0.11 0.34 0.14 0.36 0.15 0.37 0.22 0.0 0.0 0.32 0.14 0.3 0.19 0.28 0.24 0.33 0.27 0.32 0.36 0.32 0.46 0.3 0.25 0.26 0.28 0.24 0.37 0.0 0.0 0.32 0.1 0.0 0.0 0.34 0.1
0.1 0.11 0.11 0.15 0.09 0.15 0.08 0.21 0.07 0.22 0.13 0.16 0.13 0.23 0.1 0.22 0.1 0.26 0.08 0.34 0.05 0.42 0.13 0.27 0.12 0.36 0.13 0.44 0.1 0.1 0.11 0.11 0.1 0.1 0.12 0.11 0.32 0.1 0.34 0.14 0.36 0.15 0.37 0.23 0.0 0.0 0.32 0.14 0.3 0.19 0.28 0.23 0.33 0.27 0.32 0.36 0.32 0.46 0.3 0.25 0.26 0.29 0.24 0.39 0.0 0.0 0.32 0.1 0.0 0.0 0.34 0.1
0.1 0.11 0.11 0.15 0.09 0.15 0.08 0.21 0.07 0.21 0.13 0.16 0.13 0.23 0.1 0.22 0.1 0.27 0.08 0.34 0.05 0.42 0.12 0.27 0.12 0.36 0.13 0.44 0.1 0.1 0.1 0.1 0.0 0.0 0.12 0.11 0.32 0.1 0.34 0.14 0.36 0.15 0.37 0.22 0.0 0.0 0.32 0.14 0.3 0.19 0.28 0.23 0.33 0.27 0.32 0.36 0.32 0.46 0.3 0.25 0.26 0.29 0.24 0.38 0.0 0.0 0.32 0.1 0.0 0.0 0.34 0.1
0.09 0.1 0.11 0.15 0.1 0.15 0.09 0.22 0.08 0.2 0.13 0.16 0.13 0.23 0.1 0.23 0.1 0.26 0.08 0.34 0.06 0.41 0.13 0.26 0.11 0.36 0.13 0.42 0.0 0.0 0.1 0.1 0.0 0.0 0.11 0.1 0.32 0.1 0.34 0.14 0.36 0.15 0.37 0.22 0.0 0.0 0.32 0.14 0.3 0.19 0.27 0.24 0.33 0.27 0.32 0.36 0.32 0.46 0.3 0.25 0.25 0.33 0.24 0.4 0.0 0.0 0.32 0.1 0.0 0.0 0.33 0.1
0.32 0.1 0.34 0.14 0.36 0.15 0.37 0.22 0.0 0.0 0.32 0.14 0.3 0.19 0.27 0.24 0.33 0.27 0.32 0.36 0.32 0.46 0.3 0.25 0.26 0.34 0.24 0.41 0.0 0.0 0.32 0.1 0.0 0.0 0.33 0.1 0.09 0.1 0.11 0.15 0.1 0.14 0.1 0.2 0.08 0.19 0.12 0.15 0.13 0.22 0.1 0.23 0.11 0.26 0.09 0.34 0.06 0.42 0.13 0.27 0.11 0.36 0.13 0.42 0.0 0.0 0.1 0.09 0.0 0.0 0.11 0.1
0.32 0.1 0.34 0.14 0.35 0.15 0.36 0.22 0.0 0.0 0.32 0.14 0.3 0.19 0.27 0.24 0.33 0.27 0.32 0.36 0.32 0.46 0.3 0.25 0.26 0.34 0.25 0.42 0.0 0.0 0.32 0.1 0.0 0.0 0.33 0.1 0.09 0.1 0.11 0.15 0.1 0.14 0.1 0.21 0.09 0.19 0.12 0.15 0.12 0.22 0.1 0.23 0.11 0.26 0.09 0.34 0.06 0.41 0.13 0.26 0.11 0.36 0.13 0.42 0.0 0.0 0.09 0.09 0.0 0.0 0.1 0.1
0.32 0.11 0.34 0.14 0.35 0.15 0.36 0.22 0.0 0.0 0.32 0.14 0.29 0.19 0.27 0.24 0.32 0.27 0.32 0.36 0.32 0.46 0.29 0.25 0.26 0.35 0.25 0.44 0.0 0.0 0.32 0.1 0.0 0.0 0.33 0.1 0.09 0.09 0.11 0.14 0.0 0.0 0.0 0.0 0.0 0.0 0.12 0.15 0.12 0.22 0.1 0.23 0.12 0.26 0.09 0.34 0.06 0.41 0.13 0.26 0.11 0.36 0.14 0.42 0.0 0.0 0.09 0.09 0.0 0.0 0.1 0.1
0.32 0.11 0.34 0.14 0.35 0.15 0.36 0.22 0.0 0.0 0.31 0.14 0.29 0.2 0.27 0.25 0.32 0.27 0.32 0.36 0.32 0.46 0.29 0.26 0.26 0.35 0.25 0.44 0.0 0.0 0.32 0.1 0.0 0.0 0.33 0.1 0.0 0.0 0.12 0.14 0.12 0.13 0.1 0.17 0.09 0.17 0.11 0.15 0.12 0.22 0.09 0.24 0.13 0.26 0.09 0.34 0.06 0.41 0.12 0.26 0.11 0.36 0.14 0.42 0.0 0.0 0.09 0.09 0.0 0.0 0.1 0.09
0.32 0.11 0.33 0.14 0.35 0.15 0.36 0.22 0.0 0.0 0.31 0.14 0.29 0.2 0.27 0.25 0.32 0.27 0.32 0.35 0.32 0.46 0.29 0.25 0.27 0.34 0.26 0.45 0.0 0.0 0.32 0.1 0.0 0.0 0.32 0.1 0.0 0.0 0.12 0.13 0.13 0.13 0.0 0.0 0.0 0.0 0.11 0.14 0.11 0.22 0.09 0.24 0.13 0.25 0.1 0.35 0.13 0.42 0.12 0.25 0.1 0.34 0.14 0.42 0.0 0.0 0.0 0.0 0.12 0.09 0.1 0.09
0.31 0.11 0.33 0.15 0.35 0.15 0.35 0.22 0.0 0.0 0.31 0.14 0.29 0.2 0.27 0.25 0.32 0.27 0.32 0.36 0.32 0.46 0.29 0.26 0.27 0.36 0.26 0.45 0.0 0.0 0.32 0.1 0.0 0.0 0.32 0.1 0.0 0.0 0.12 0.14 0.13 0.13 0.0 0.0 0.0 0.0 0.1 0.15 0.1 0.22 0.09 0.25 0.14 0.26 0.1 0.35 0.08 0.4 0.12 0.26 0.11 0.36 0.14 0.42 0.0 0.0 0.0 0.0 0.12 0.09 0.1 0.09
0.31 0.11 0.33 0.15 0.35 0.15 0.35 0.22 0.0 0.0 0.31 0.14 0.29 0.2 0.27 0.25 0.32 0.27 0.32 0.36 0.32 0.46 0.29 0.26 0.27 0.36 0.26 0.45 0.0 0.0 0.32 0.1 0.0 0.0 0.32 0.1 0.0 0.0 0.12 0.14 0.13 0.13 0.0 0.0 0.0 0.0 0.1 0.14 0.1 0.22 0.1 0.25 0.14 0.26 0.1 0.35 0.08 0.4 0.12 0.27 0.11 0.36 0.14 0.42 0.0 0.0 0.0 0.0 0.12 0.09 0.1 0.09
0.31 0.11 0.32 0.15 0.35 0.15 0.35 0.22 0.0 0.0 0.31 0.14 0.28 0.2 0.27 0.25 0.32 0.27 0.32 0.36 0.32 0.46 0.29 0.26 0.27 0.36 0.26 0.45 0.0 0.0 0.31 0.1 0.0 0.0 0.32 0.11 0.0 0.0 0.12 0.13 0.14 0.13 0.0 0.0 0.0 0.0 0.1 0.14 0.1 0.22 0.09 0.25 0.14 0.25 0.1 0.35 0.09 0.4 0.12 0.26 0.11 0.35 0.13 0.42 0.0 0.0 0.0 0.0 0.12 0.09 0.1 0.09
0.31 0.11 0.32 0.15 0.35 0.16 0.35 0.22 0.0 0.0 0.31 0.14 0.28 0.2 0.27 0.26 0.32 0.27 0.32 0.36 0.32 0.46 0.29 0.26 0.27 0.35 0.26 0.45 0.0 0.0 0.31 0.1 0.0 0.0 0.32 0.11 0.0 0.0 0.12 0.13 0.14 0.13 0.0 0.0 0.0 0.0 0.1 0.14 0.1 0.22 0.1 0.25 0.14 0.25 0.1 0.35 0.1 0.39 0.12 0.26 0.11 0.35 0.13 0.42 0.0 0.0 0.0 0.0 0.12 0.09 0.09 0.09
0.31 0.11 0.32 0.15 0.34 0.16 0.35 0.23 0.0 0.0 0.3 0.14 0.28 0.21 0.26 0.27 0.32 0.28 0.33 0.37 0.32 0.46 0.29 0.27 0.27 0.36 0.26 0.45 0.0 0.0 0.31 0.1 0.0 0.0 0.32 0.11 0.0 0.0 0.12 0.13 0.14 0.12 0.0 0.0 0.0 0.0 0.09 0.14 0.09 0.21 0.1 0.24 0.15 0.25 0.12 0.35 0.12 0.42 0.12 0.25 0.11 0.35 0.13 0.42 0.0 0.0 0.0 0.0 0.12 0.09 0.1 0.09
0.31 0.11 0.32 0.15 0.34 0.16 0.35 0.23 0.0 0.0 0.3 0.14 0.27 0.21 0.26 0.27 0.32 0.28 0.33 0.37 0.32 0.46 0.29 0.27 0.27 0.36 0.26 0.45 0.0 0.0 0.31 0.1 0.0 0.0 0.32 0.11 0.0 0.0 0.12 0.13 0.14 0.12 0.15 0.19 0.0 0.0 0.09 0.14 0.09 0.2 0.1 0.22 0.15 0.25 0.12 0.35 0.12 0.41 0.12 0.25 0.11 0.35 0.12 0.42 0.0 0.0 0.0 0.0 0.12 0.09 0.1 0.09
0.31 0.11 0.32 0.15 0.34 0.16 0.34 0.23 0.0 0.0 0.3 0.14 0.27 0.21 0.26 0.27 0.32 0.28 0.33 0.37 0.32 0.46 0.29 0.27 0.27 0.36 0.26 0.45 0.0 0.0 0.31 0.1 0.0 0.0 0.31 0.11 0.0 0.0 0.12 0.13 0.14 0.12 0.15 0.19 0.0 0.0 0.09 0.14 0.09 0.2 0.0 0.0 0.15 0.25 0.13 0.34 0.12 0.42 0.12 0.25 0.11 0.35 0.12 0.44 0.0 0.0 0.0 0.0 0.12 0.09 0.1 0.09
0.31 0.11 0.32 0.15 0.34 0.16 0.34 0.23 0.0 0.0 0.3 0.14 0.27 0.21 0.26 0.27 0.32 0.28 0.33 0.37 0.32 0.46 0.29 0.27 0.27 0.36 0.26 0.45 0.0 0.0 0.31 0.1 0.0 0.0 0.31 0.11 0.0 0.0 0.12 0.13 0.14 0.12 0.15 0.19 0.0 0.0 0.09 0.14 0.08 0.2 0.1 0.23 0.14 0.25 0.13 0.35 0.12 0.42 0.12 0.25 0.11 0.35 0.12 0.42 0.0 0.0 0.0 0.0 0.12 0.09 0.0 0.0
