0.31 0.15 0.32 0.19 0.32 0.19 0.0 0.0 0.0 0.0 0.31 0.19 0.29 0.22 0.28 0.23 0.32 0.25 0.31 0.31 0.32 0.34 0.31 0.25 0.28 0.26 0.28 0.31 0.0 0.0 0.31 0.15 0.0 0.0 0.32 0.16 0.21 0.19 0.21 0.21 0.22 0.21 0.23 0.25 0.23 0.28 0.19 0.21 0.19 0.24 0.0 0.0 0.22 0.27 0.23 0.32 0.24 0.37 0.2 0.27 0.2 0.32 0.2 0.37 0.21 0.17 0.0 0.0 0.21 0.19 0.0 0.0
0.0 0.0 0.21 0.21 0.22 0.21 0.23 0.24 0.23 0.27 0.19 0.21 0.19 0.24 0.2 0.26 0.22 0.27 0.23 0.33 0.24 0.37 0.2 0.27 0.2 0.33 0.2 0.37 0.0 0.0 0.0 0.0 0.21 0.17 0.2 0.19 0.31 0.15 0.32 0.19 0.32 0.19 0.0 0.0 0.0 0.0 0.31 0.17 0.3 0.21 0.28 0.22 0.31 0.25 0.31 0.29 0.31 0.35 0.3 0.24 0.27 0.26 0.27 0.31 0.0 0.0 0.31 0.15 0.0 0.0 0.32 0.15
0.0 0.0 0.21 0.21 0.22 0.21 0.23 0.24 0.23 0.27 0.19 0.21 0.18 0.24 0.0 0.0 0.22 0.27 0.23 0.33 0.24 0.37 0.2 0.27 0.2 0.33 0.2 0.37 0.21 0.17 0.0 0.0 0.21 0.17 0.2 0.17 0.31 0.15 0.31 0.17 0.0 0.0 0.0 0.0 0.0 0.0 0.32 0.17 0.3 0.21 0.29 0.2 0.3 0.24 0.27 0.27 0.27 0.32 0.31 0.24 0.31 0.29 0.31 0.33 0.0 0.0 0.31 0.14 0.0 0.0 0.31 0.15
0.31 0.15 0.31 0.17 0.31 0.16 0.0 0.0 0.0 0.0 0.32 0.17 0.31 0.21 0.29 0.2 0.29 0.23 0.28 0.27 0.31 0.31 0.3 0.24 0.28 0.27 0.27 0.33 0.0 0.0 0.31 0.14 0.0 0.0 0.31 0.14 0.21 0.17 0.21 0.2 0.22 0.2 0.23 0.24 0.23 0.27 0.19 0.21 0.19 0.24 0.2 0.25 0.22 0.27 0.23 0.33 0.24 0.37 0.2 0.27 0.2 0.33 0.2 0.37 0.21 0.17 0.0 0.0 0.21 0.17 0.2 0.17
0.21 0.17 0.21 0.2 0.22 0.2 0.23 0.24 0.23 0.27 0.19 0.2 0.19 0.24 0.2 0.25 0.22 0.27 0.23 0.33 0.23 0.37 0.2 0.27 0.2 0.33 0.2 0.37 0.21 0.17 0.0 0.0 0.21 0.17 0.0 0.0 0.3 0.14 0.31 0.17 0.31 0.16 0.29 0.22 0.29 0.2 0.32 0.17 0.31 0.21 0.29 0.2 0.29 0.23 0.27 0.26 0.3 0.29 0.31 0.24 0.29 0.28 0.27 0.33 0.0 0.0 0.31 0.14 0.0 0.0 0.31 0.14
0.21 0.17 0.21 0.2 0.22 0.2 0.23 0.24 0.23 0.27 0.2 0.2 0.19 0.23 0.2 0.25 0.22 0.27 0.23 0.33 0.23 0.37 0.2 0.27 0.2 0.33 0.2 0.37 0.21 0.17 0.0 0.0 0.21 0.17 0.0 0.0 0.3 0.15 0.31 0.17 0.31 0.16 0.3 0.19 0.29 0.19 0.32 0.17 0.31 0.21 0.29 0.2 0.29 0.23 0.29 0.26 0.29 0.27 0.31 0.24 0.29 0.28 0.28 0.34 0.0 0.0 0.3 0.14 0.0 0.0 0.31 0.14
0.21 0.17 0.21 0.2 0.22 0.2 0.23 0.24 0.23 0.27 0.2 0.2 0.19 0.23 0.0 0.0 0.22 0.27 0.23 0.32 0.23 0.37 0.2 0.27 0.2 0.32 0.2 0.37 0.21 0.17 0.0 0.0 0.21 0.17 0.0 0.0 0.3 0.15 0.31 0.17 0.31 0.17 0.3 0.19 0.0 0.0 0.32 0.17 0.31 0.21 0.3 0.2 0.29 0.23 0.29 0.29 0.0 0.0 0.31 0.24 0.29 0.29 0.29 0.35 0.0 0.0 0.3 0.15 0.0 0.0 0.31 0.15
0.21 0.17 0.21 0.2 0.22 0.2 0.23 0.24 0.23 0.27 0.2 0.2 0.19 0.23 0.0 0.0 0.22 0.27 0.23 0.32 0.23 0.36 0.2 0.26 0.2 0.32 0.2 0.37 0.21 0.17 0.0 0.0 0.21 0.17 0.0 0.0 0.3 0.15 0.31 0.17 0.3 0.17 0.29 0.19 0.0 0.0 0.32 0.19 0.31 0.22 0.3 0.2 0.29 0.23 0.28 0.23 0.0 0.0 0.31 0.25 0.3 0.29 0.29 0.36 0.0 0.0 0.3 0.15 0.0 0.0 0.31 0.15
0.21 0.17 0.21 0.2 0.22 0.2 0.23 0.24 0.23 0.27 0.2 0.2 0.19 0.23 0.0 0.0 0.22 0.27 0.23 0.32 0.23 0.36 0.2 0.27 0.2 0.32 0.2 0.37 0.21 0.17 0.0 0.0 0.21 0.17 0.0 0.0 0.3 0.16 0.31 0.19 0.3 0.19 0.29 0.2 0.0 0.0 0.32 0.19 0.31 0.22 0.3 0.2 0.29 0.23 0.0 0.0 0.0 0.0 0.31 0.24 0.31 0.23 0.0 0.0 0.0 0.0 0.3 0.16 0.0 0.0 0.31 0.16
0.21 0.17 0.21 0.2 0.22 0.2 0.23 0.24 0.23 0.27 0.2 0.2 0.19 0.23 0.0 0.0 0.22 0.27 0.23 0.32 0.23 0.37 0.2 0.26 0.2 0.32 0.2 0.37 0.0 0.0 0.0 0.0 0.21 0.17 0.0 0.0 0.3 0.17 0.31 0.19 0.3 0.19 0.29 0.2 0.0 0.0 0.32 0.19 0.31 0.23 0.3 0.2 0.29 0.25 0.0 0.0 0.0 0.0 0.3 0.26 0.29 0.32 0.29 0.36 0.0 0.0 0.3 0.16 0.0 0.0 0.31 0.16
0.21 0.17 0.21 0.2 0.22 0.2 0.23 0.24 0.23 0.27 0.2 0.2 0.19 0.23 0.0 0.0 0.22 0.27 0.23 0.32 0.23 0.37 0.2 0.27 0.2 0.33 0.2 0.37 0.0 0.0 0.0 0.0 0.21 0.17 0.0 0.0 0.3 0.17 0.31 0.19 0.3 0.19 0.29 0.2 0.3 0.21 0.32 0.2 0.31 0.23 0.29 0.21 0.28 0.24 0.25 0.24 0.0 0.0 0.29 0.26 0.29 0.31 0.29 0.36 0.0 0.0 0.3 0.16 0.0 0.0 0.31 0.16
0.0 0.0 0.21 0.2 0.22 0.2 0.23 0.24 0.23 0.27 0.2 0.2 0.19 0.23 0.0 0.0 0.21 0.27 0.23 0.32 0.23 0.37 0.2 0.27 0.2 0.33 0.2 0.37 0.0 0.0 0.0 0.0 0.21 0.17 0.2 0.17 0.3 0.17 0.31 0.2 0.29 0.19 0.28 0.22 0.27 0.23 0.32 0.2 0.31 0.24 0.29 0.21 0.27 0.25 0.0 0.0 0.0 0.0 0.29 0.26 0.29 0.32 0.28 0.36 0.0 0.0 0.3 0.17 0.0 0.0 0.31 0.17
0.3 0.19 0.31 0.2 0.29 0.19 0.28 0.21 0.27 0.23 0.32 0.21 0.31 0.24 0.29 0.21 0.27 0.24 0.0 0.0 0.0 0.0 0.29 0.26 0.29 0.31 0.28 0.36 0.3 0.17 0.3 0.17 0.0 0.0 0.31 0.17 0.0 0.0 0.21 0.2 0.22 0.2 0.23 0.24 0.23 0.27 0.2 0.2 0.19 0.24 0.0 0.0 0.21 0.27 0.23 0.32 0.23 0.37 0.2 0.27 0.2 0.33 0.2 0.37 0.0 0.0 0.0 0.0 0.21 0.17 0.0 0.0
0.0 0.0 0.21 0.21 0.22 0.21 0.23 0.24 0.23 0.27 0.2 0.2 0.19 0.24 0.0 0.0 0.21 0.27 0.23 0.33 0.23 0.37 0.2 0.27 0.2 0.33 0.2 0.37 0.0 0.0 0.0 0.0 0.21 0.17 0.2 0.17 0.3 0.19 0.31 0.2 0.29 0.19 0.28 0.21 0.27 0.23 0.32 0.21 0.31 0.25 0.29 0.22 0.27 0.25 0.0 0.0 0.0 0.0 0.29 0.26 0.29 0.32 0.28 0.36 0.3 0.17 0.3 0.17 0.0 0.0 0.31 0.17
0.0 0.0 0.21 0.21 0.22 0.21 0.23 0.24 0.23 0.28 0.2 0.2 0.19 0.24 0.0 0.0 0.21 0.27 0.23 0.32 0.23 0.37 0.2 0.27 0.2 0.33 0.2 0.37 0.0 0.0 0.0 0.0 0.21 0.17 0.2 0.17 0.3 0.19 0.31 0.2 0.29 0.19 0.27 0.21 0.0 0.0 0.32 0.21 0.31 0.25 0.29 0.22 0.27 0.25 0.0 0.0 0.0 0.0 0.29 0.26 0.29 0.31 0.28 0.36 0.3 0.17 0.3 0.17 0.0 0.0 0.31 0.17
0.0 0.0 0.21 0.21 0.22 0.21 0.23 0.24 0.23 0.28 0.2 0.21 0.19 0.24 0.0 0.0 0.21 0.27 0.23 0.33 0.23 0.37 0.2 0.27 0.2 0.33 0.2 0.38 0.0 0.0 0.0 0.0 0.21 0.17 0.2 0.17 0.3 0.19 0.3 0.2 0.29 0.19 0.27 0.21 0.26 0.23 0.31 0.21 0.31 0.25 0.29 0.23 0.27 0.25 0.0 0.0 0.0 0.0 0.29 0.26 0.29 0.31 0.28 0.36 0.3 0.17 0.3 0.19 0.0 0.0 0.31 0.19
0.0 0.0 0.21 0.21 0.22 0.21 0.23 0.25 0.23 0.28 0.2 0.21 0.19 0.24 0.0 0.0 0.21 0.27 0.23 0.33 0.23 0.37 0.2 0.27 0.2 0.33 0.2 0.38 0.0 0.0 0.0 0.0 0.21 0.17 0.2 0.17 0.29 0.19 0.3 0.2 0.29 0.19 0.27 0.21 0.26 0.23 0.31 0.21 0.31 0.25 0.29 0.23 0.27 0.25 0.0 0.0 0.0 0.0 0.29 0.26 0.29 0.31 0.28 0.36 0.29 0.17 0.3 0.19 0.0 0.0 0.31 0.19
0.0 0.0 0.21 0.21 0.22 0.21 0.23 0.25 0.23 0.28 0.2 0.21 0.19 0.24 0.0 0.0 0.21 0.27 0.23 0.33 0.23 0.37 0.2 0.27 0.2 0.33 0.2 0.38 0.0 0.0 0.0 0.0 0.21 0.19 0.2 0.17 0.29 0.19 0.3 0.2 0.29 0.19 0.27 0.21 0.26 0.23 0.31 0.21 0.31 0.25 0.29 0.23 0.27 0.25 0.25 0.29 0.0 0.0 0.28 0.26 0.29 0.31 0.28 0.36 0.29 0.17 0.3 0.19 0.0 0.0 0.31 0.19
0.0 0.0 0.21 0.21 0.22 0.21 0.23 0.25 0.23 0.28 0.2 0.21 0.19 0.24 0.0 0.0 0.22 0.27 0.23 0.33 0.23 0.37 0.2 0.27 0.2 0.33 0.2 0.38 0.0 0.0 0.0 0.0 0.21 0.19 0.21 0.19 0.29 0.19 0.3 0.2 0.29 0.19 0.27 0.21 0.26 0.23 0.31 0.21 0.31 0.25 0.29 0.23 0.27 0.25 0.25 0.29 0.24 0.32 0.28 0.27 0.29 0.32 0.28 0.36 0.29 0.17 0.29 0.19 0.0 0.0 0.31 0.19
0.0 0.0 0.21 0.21 0.22 0.21 0.23 0.25 0.23 0.28 0.2 0.21 0.19 0.24 0.0 0.0 0.22 0.28 0.23 0.33 0.23 0.37 0.2 0.28 0.2 0.33 0.2 0.38 0.0 0.0 0.0 0.0 0.21 0.19 0.21 0.19 0.29 0.19 0.29 0.2 0.29 0.19 0.27 0.21 0.26 0.24 0.31 0.21 0.31 0.25 0.29 0.23 0.27 0.25 0.25 0.29 0.24 0.33 0.28 0.27 0.29 0.32 0.28 0.37 0.29 0.17 0.29 0.19 0.0 0.0 0.31 0.19
0.0 0.0 0.21 0.21 0.22 0.21 0.23 0.25 0.23 0.27 0.2 0.21 0.19 0.24 0.0 0.0 0.22 0.28 0.23 0.33 0.23 0.37 0.2 0.28 0.2 0.33 0.2 0.38 0.0 0.0 0.0 0.0 0.21 0.19 0.21 0.19 0.29 0.19 0.29 0.2 0.28 0.19 0.27 0.21 0.26 0.24 0.31 0.21 0.3 0.25 0.29 0.23 0.26 0.26 0.25 0.31 0.0 0.0 0.28 0.27 0.29 0.32 0.28 0.37 0.29 0.17 0.29 0.17 0.0 0.0 0.3 0.19
0.0 0.0 0.21 0.21 0.22 0.21 0.23 0.25 0.24 0.27 0.2 0.21 0.19 0.24 0.0 0.0 0.22 0.28 0.23 0.33 0.23 0.38 0.2 0.28 0.2 0.33 0.2 0.38 0.0 0.0 0.0 0.0 0.21 0.19 0.21 0.19 0.29 0.19 0.29 0.2 0.28 0.19 0.27 0.21 0.26 0.24 0.31 0.21 0.3 0.25 0.29 0.23 0.26 0.25 0.25 0.29 0.24 0.33 0.28 0.27 0.29 0.32 0.28 0.37 0.29 0.17 0.29 0.17 0.0 0.0 0.3 0.19
0.0 0.0 0.21 0.21 0.22 0.21 0.23 0.25 0.0 0.0 0.2 0.21 0.2 0.24 0.0 0.0 0.22 0.28 0.23 0.33 0.23 0.38 0.2 0.28 0.2 0.33 0.2 0.38 0.0 0.0 0.0 0.0 0.22 0.19 0.21 0.19 0.28 0.19 0.29 0.2 0.28 0.19 0.26 0.22 0.26 0.24 0.3 0.21 0.3 0.24 0.29 0.23 0.26 0.25 0.25 0.29 0.0 0.0 0.28 0.26 0.28 0.32 0.28 0.37 0.28 0.17 0.29 0.17 0.0 0.0 0.29 0.17
0.28 0.19 0.29 0.2 0.27 0.2 0.26 0.22 0.26 0.25 0.3 0.21 0.3 0.25 0.29 0.23 0.26 0.25 0.0 0.0 0.0 0.0 0.28 0.26 0.28 0.32 0.28 0.37 0.28 0.17 0.28 0.17 0.0 0.0 0.29 0.19 0.0 0.0 0.21 0.21 0.22 0.21 0.23 0.25 0.24 0.27 0.2 0.21 0.19 0.24 0.0 0.0 0.22 0.28 0.23 0.33 0.23 0.38 0.2 0.28 0.2 0.33 0.2 0.38 0.0 0.0 0.0 0.0 0.22 0.19 0.21 0.19
0.27 0.19 0.28 0.2 0.27 0.2 0.26 0.22 0.26 0.25 0.3 0.21 0.29 0.25 0.28 0.23 0.26 0.26 0.25 0.31 0.23 0.33 0.27 0.27 0.28 0.32 0.28 0.37 0.27 0.17 0.28 0.17 0.0 0.0 0.29 0.19 0.0 0.0 0.21 0.21 0.22 0.21 0.23 0.25 0.24 0.27 0.2 0.21 0.2 0.24 0.0 0.0 0.22 0.28 0.23 0.33 0.23 0.38 0.2 0.28 0.2 0.34 0.2 0.38 0.0 0.0 0.0 0.0 0.22 0.19 0.21 0.19
0.27 0.19 0.28 0.2 0.27 0.2 0.26 0.22 0.25 0.25 0.29 0.21 0.29 0.25 0.28 0.23 0.26 0.26 0.25 0.31 0.0 0.0 0.27 0.27 0.28 0.32 0.28 0.37 0.27 0.17 0.27 0.17 0.0 0.0 0.29 0.19 0.0 0.0 0.21 0.21 0.23 0.22 0.23 0.25 0.0 0.0 0.2 0.21 0.2 0.24 0.0 0.0 0.22 0.28 0.23 0.33 0.23 0.38 0.2 0.28 0.2 0.34 0.2 0.38 0.0 0.0 0.0 0.0 0.22 0.19 0.21 0.19
0.0 0.0 0.21 0.21 0.23 0.22 0.23 0.25 0.0 0.0 0.2 0.21 0.2 0.24 0.0 0.0 0.22 0.28 0.23 0.33 0.23 0.38 0.2 0.28 0.2 0.34 0.2 0.38 0.0 0.0 0.0 0.0 0.22 0.19 0.21 0.19 0.27 0.19 0.28 0.2 0.27 0.2 0.26 0.23 0.25 0.26 0.29 0.21 0.29 0.25 0.27 0.23 0.26 0.26 0.0 0.0 0.0 0.0 0.27 0.27 0.28 0.32 0.28 0.37 0.0 0.0 0.27 0.19 0.0 0.0 0.28 0.19
0.27 0.19 0.27 0.21 0.26 0.2 0.25 0.23 0.25 0.26 0.29 0.21 0.29 0.25 0.27 0.23 0.26 0.27 0.0 0.0 0.0 0.0 0.27 0.28 0.28 0.32 0.28 0.37 0.0 0.0 0.27 0.19 0.0 0.0 0.28 0.19 0.0 0.0 0.21 0.21 0.23 0.22 0.23 0.25 0.0 0.0 0.2 0.21 0.2 0.24 0.0 0.0 0.22 0.28 0.23 0.33 0.23 0.38 0.2 0.28 0.2 0.34 0.2 0.38 0.0 0.0 0.0 0.0 0.22 0.19 0.21 0.19
0.26 0.2 0.27 0.21 0.26 0.21 0.25 0.23 0.24 0.26 0.29 0.21 0.28 0.25 0.27 0.23 0.25 0.27 0.0 0.0 0.0 0.0 0.27 0.28 0.27 0.32 0.28 0.37 0.26 0.19 0.27 0.19 0.0 0.0 0.27 0.19 0.0 0.0 0.21 0.21 0.23 0.22 0.23 0.25 0.0 0.0 0.2 0.21 0.2 0.24 0.0 0.0 0.22 0.28 0.23 0.33 0.23 0.38 0.2 0.28 0.2 0.34 0.2 0.38 0.0 0.0 0.0 0.0 0.22 0.19 0.21 0.19
0.26 0.2 0.27 0.21 0.26 0.21 0.0 0.0 0.0 0.0 0.28 0.22 0.28 0.25 0.26 0.24 0.25 0.27 0.0 0.0 0.0 0.0 0.27 0.28 0.27 0.33 0.28 0.37 0.26 0.19 0.26 0.19 0.0 0.0 0.27 0.2 0.0 0.0 0.21 0.21 0.22 0.22 0.23 0.25 0.24 0.27 0.2 0.21 0.2 0.24 0.0 0.0 0.22 0.28 0.23 0.33 0.23 0.38 0.2 0.28 0.2 0.34 0.2 0.38 0.0 0.0 0.0 0.0 0.22 0.19 0.21 0.19
0.26 0.2 0.27 0.22 0.26 0.21 0.0 0.0 0.0 0.0 0.28 0.22 0.27 0.26 0.26 0.24 0.25 0.28 0.0 0.0 0.0 0.0 0.26 0.28 0.27 0.33 0.28 0.37 0.26 0.19 0.26 0.2 0.0 0.0 0.27 0.2 0.0 0.0 0.21 0.21 0.22 0.22 0.23 0.25 0.24 0.27 0.2 0.21 0.2 0.24 0.0 0.0 0.22 0.28 0.23 0.33 0.23 0.38 0.2 0.28 0.2 0.34 0.2 0.38 0.0 0.0 0.0 0.0 0.22 0.19 0.21 0.19
0.26 0.2 0.26 0.22 0.25 0.21 0.0 0.0 0.0 0.0 0.27 0.22 0.27 0.26 0.26 0.24 0.25 0.28 0.0 0.0 0.0 0.0 0.26 0.28 0.27 0.33 0.28 0.37 0.26 0.19 0.26 0.2 0.0 0.0 0.27 0.2 0.0 0.0 0.21 0.21 0.22 0.22 0.23 0.25 0.24 0.27 0.2 0.21 0.2 0.24 0.0 0.0 0.22 0.28 0.23 0.33 0.23 0.38 0.2 0.28 0.2 0.34 0.2 0.38 0.0 0.0 0.0 0.0 0.22 0.19 0.21 0.19
