0.18 0.16 0.18 0.19 0.19 0.19 0.2 0.22 0.21 0.23 0.17 0.2 0.17 0.21 0.0 0.0 0.19 0.25 0.2 0.27 0.21 0.32 0.18 0.26 0.18 0.28 0.18 0.34 0.18 0.15 0.0 0.0 0.18 0.16 0.0 0.0 0.28 0.19 0.29 0.21 0.31 0.22 0.31 0.25 0.0 0.0 0.28 0.21 0.27 0.24 0.26 0.28 0.29 0.28 0.3 0.33 0.3 0.37 0.27 0.27 0.27 0.33 0.26 0.37 0.0 0.0 0.29 0.17 0.0 0.0 0.29 0.19
0.19 0.15 0.18 0.19 0.19 0.19 0.2 0.22 0.22 0.23 0.17 0.19 0.0 0.0 0.0 0.0 0.19 0.25 0.21 0.27 0.21 0.32 0.18 0.25 0.18 0.29 0.18 0.34 0.18 0.15 0.0 0.0 0.18 0.16 0.0 0.0 0.0 0.0 0.29 0.21 0.31 0.21 0.31 0.24 0.0 0.0 0.27 0.21 0.27 0.24 0.26 0.27 0.29 0.28 0.3 0.33 0.3 0.37 0.27 0.27 0.27 0.33 0.26 0.36 0.0 0.0 0.0 0.0 0.3 0.19 0.29 0.19
0.0 0.0 0.29 0.21 0.31 0.21 0.31 0.24 0.0 0.0 0.27 0.21 0.27 0.24 0.26 0.27 0.29 0.27 0.3 0.33 0.3 0.37 0.27 0.27 0.27 0.33 0.26 0.37 0.0 0.0 0.0 0.0 0.29 0.19 0.29 0.17 0.19 0.15 0.18 0.17 0.18 0.17 0.2 0.21 0.21 0.22 0.17 0.17 0.18 0.22 0.0 0.0 0.19 0.24 0.22 0.26 0.22 0.31 0.18 0.25 0.18 0.29 0.18 0.34 0.18 0.15 0.0 0.0 0.18 0.15 0.0 0.0
0.0 0.0 0.29 0.21 0.31 0.21 0.31 0.24 0.0 0.0 0.27 0.21 0.27 0.24 0.26 0.27 0.29 0.27 0.3 0.33 0.3 0.37 0.27 0.27 0.27 0.33 0.26 0.37 0.0 0.0 0.0 0.0 0.29 0.17 0.29 0.17 0.19 0.15 0.18 0.17 0.18 0.17 0.2 0.21 0.21 0.2 0.18 0.17 0.2 0.2 0.2 0.2 0.19 0.24 0.22 0.27 0.23 0.32 0.19 0.24 0.19 0.29 0.18 0.34 0.19 0.14 0.0 0.0 0.18 0.15 0.0 0.0
0.0 0.0 0.29 0.21 0.31 0.21 0.31 0.24 0.0 0.0 0.27 0.2 0.27 0.24 0.26 0.27 0.29 0.27 0.3 0.33 0.3 0.37 0.27 0.27 0.27 0.33 0.26 0.37 0.0 0.0 0.0 0.0 0.29 0.17 0.29 0.17 0.19 0.14 0.18 0.17 0.18 0.17 0.19 0.21 0.2 0.2 0.19 0.16 0.2 0.19 0.2 0.2 0.19 0.24 0.21 0.27 0.22 0.33 0.2 0.23 0.22 0.26 0.19 0.29 0.19 0.14 0.0 0.0 0.18 0.14 0.0 0.0
0.2 0.14 0.18 0.17 0.18 0.17 0.19 0.21 0.2 0.2 0.19 0.16 0.2 0.2 0.2 0.2 0.19 0.24 0.21 0.28 0.22 0.33 0.2 0.23 0.22 0.26 0.21 0.28 0.19 0.14 0.0 0.0 0.18 0.14 0.0 0.0 0.0 0.0 0.29 0.2 0.31 0.2 0.31 0.23 0.0 0.0 0.27 0.2 0.27 0.24 0.26 0.27 0.29 0.27 0.3 0.33 0.3 0.37 0.27 0.27 0.27 0.33 0.26 0.37 0.0 0.0 0.0 0.0 0.29 0.17 0.29 0.17
0.0 0.0 0.29 0.2 0.31 0.2 0.31 0.23 0.0 0.0 0.27 0.2 0.27 0.24 0.26 0.27 0.29 0.27 0.3 0.33 0.3 0.37 0.27 0.27 0.27 0.32 0.26 0.37 0.0 0.0 0.28 0.17 0.29 0.17 0.29 0.17 0.2 0.15 0.18 0.17 0.18 0.17 0.19 0.21 0.2 0.2 0.19 0.17 0.2 0.19 0.2 0.19 0.19 0.24 0.2 0.28 0.21 0.34 0.2 0.23 0.23 0.25 0.0 0.0 0.2 0.14 0.0 0.0 0.18 0.14 0.0 0.0
0.28 0.17 0.29 0.2 0.3 0.2 0.31 0.23 0.0 0.0 0.27 0.2 0.27 0.23 0.26 0.27 0.29 0.27 0.3 0.32 0.3 0.37 0.27 0.27 0.27 0.32 0.26 0.37 0.0 0.0 0.28 0.17 0.0 0.0 0.29 0.17 0.2 0.15 0.18 0.17 0.18 0.17 0.18 0.21 0.2 0.2 0.19 0.17 0.2 0.19 0.0 0.0 0.18 0.23 0.2 0.22 0.0 0.0 0.19 0.22 0.2 0.22 0.21 0.34 0.2 0.15 0.0 0.0 0.19 0.15 0.0 0.0
0.28 0.17 0.29 0.2 0.3 0.2 0.31 0.23 0.0 0.0 0.27 0.2 0.27 0.24 0.26 0.27 0.29 0.27 0.3 0.32 0.3 0.37 0.27 0.26 0.27 0.32 0.26 0.37 0.0 0.0 0.28 0.17 0.0 0.0 0.29 0.17 0.2 0.15 0.18 0.17 0.18 0.19 0.19 0.22 0.2 0.2 0.2 0.17 0.2 0.2 0.0 0.0 0.19 0.24 0.2 0.29 0.2 0.36 0.2 0.23 0.21 0.23 0.0 0.0 0.2 0.15 0.0 0.0 0.19 0.15 0.0 0.0
0.0 0.0 0.29 0.2 0.3 0.2 0.31 0.23 0.0 0.0 0.27 0.2 0.27 0.24 0.26 0.27 0.29 0.27 0.3 0.32 0.3 0.37 0.27 0.27 0.27 0.32 0.26 0.37 0.0 0.0 0.0 0.0 0.29 0.17 0.28 0.17 0.2 0.16 0.18 0.19 0.18 0.19 0.19 0.22 0.2 0.2 0.2 0.17 0.2 0.19 0.2 0.19 0.19 0.24 0.2 0.23 0.0 0.0 0.2 0.23 0.21 0.23 0.0 0.0 0.2 0.16 0.0 0.0 0.19 0.16 0.0 0.0
0.0 0.0 0.29 0.2 0.3 0.2 0.31 0.23 0.0 0.0 0.27 0.2 0.27 0.23 0.26 0.26 0.29 0.27 0.3 0.32 0.3 0.37 0.27 0.27 0.27 0.32 0.26 0.37 0.0 0.0 0.0 0.0 0.29 0.17 0.28 0.17 0.2 0.17 0.18 0.19 0.18 0.2 0.18 0.23 0.2 0.2 0.2 0.19 0.2 0.21 0.0 0.0 0.2 0.26 0.2 0.32 0.21 0.36 0.21 0.25 0.0 0.0 0.0 0.0 0.2 0.16 0.0 0.0 0.19 0.16 0.0 0.0
0.0 0.0 0.29 0.2 0.3 0.2 0.31 0.23 0.0 0.0 0.27 0.2 0.27 0.23 0.26 0.27 0.29 0.27 0.3 0.33 0.3 0.37 0.27 0.27 0.27 0.32 0.26 0.37 0.0 0.0 0.0 0.0 0.0 0.0 0.28 0.17 0.2 0.17 0.18 0.2 0.18 0.2 0.18 0.23 0.2 0.21 0.2 0.19 0.21 0.21 0.22 0.23 0.2 0.26 0.21 0.29 0.21 0.35 0.21 0.24 0.0 0.0 0.0 0.0 0.2 0.16 0.0 0.0 0.19 0.17 0.0 0.0
0.0 0.0 0.29 0.2 0.3 0.2 0.31 0.23 0.0 0.0 0.27 0.2 0.27 0.24 0.26 0.27 0.29 0.27 0.3 0.33 0.3 0.38 0.27 0.27 0.27 0.32 0.26 0.37 0.0 0.0 0.0 0.0 0.29 0.17 0.28 0.17 0.2 0.17 0.19 0.2 0.18 0.21 0.18 0.24 0.2 0.21 0.2 0.19 0.21 0.21 0.0 0.0 0.21 0.26 0.21 0.31 0.21 0.36 0.22 0.24 0.25 0.24 0.0 0.0 0.2 0.17 0.0 0.0 0.19 0.17 0.0 0.0
0.28 0.19 0.29 0.21 0.31 0.21 0.31 0.24 0.0 0.0 0.27 0.2 0.27 0.24 0.26 0.27 0.29 0.27 0.3 0.33 0.3 0.38 0.28 0.27 0.27 0.33 0.26 0.37 0.0 0.0 0.0 0.0 0.0 0.0 0.28 0.17 0.2 0.19 0.19 0.2 0.18 0.21 0.18 0.24 0.2 0.21 0.2 0.19 0.21 0.21 0.22 0.23 0.21 0.26 0.21 0.29 0.21 0.35 0.22 0.24 0.0 0.0 0.0 0.0 0.2 0.17 0.2 0.17 0.18 0.17 0.0 0.0
0.0 0.0 0.29 0.21 0.31 0.21 0.31 0.24 0.0 0.0 0.27 0.21 0.27 0.24 0.26 0.27 0.29 0.27 0.3 0.33 0.3 0.38 0.28 0.27 0.27 0.33 0.26 0.37 0.0 0.0 0.0 0.0 0.0 0.0 0.28 0.17 0.2 0.19 0.19 0.2 0.18 0.21 0.19 0.25 0.2 0.22 0.2 0.19 0.22 0.21 0.23 0.23 0.21 0.26 0.21 0.31 0.21 0.35 0.23 0.25 0.24 0.26 0.0 0.0 0.2 0.17 0.2 0.17 0.18 0.19 0.0 0.0
0.0 0.0 0.29 0.21 0.31 0.21 0.31 0.24 0.0 0.0 0.27 0.21 0.27 0.24 0.26 0.28 0.29 0.27 0.3 0.33 0.3 0.38 0.28 0.27 0.27 0.33 0.26 0.37 0.0 0.0 0.0 0.0 0.29 0.17 0.28 0.17 0.2 0.19 0.19 0.2 0.18 0.21 0.19 0.25 0.2 0.22 0.2 0.19 0.22 0.21 0.21 0.21 0.21 0.26 0.21 0.31 0.21 0.36 0.23 0.24 0.0 0.0 0.0 0.0 0.2 0.17 0.2 0.17 0.18 0.19 0.0 0.0
0.0 0.0 0.29 0.21 0.3 0.21 0.31 0.24 0.0 0.0 0.27 0.21 0.27 0.24 0.27 0.28 0.29 0.27 0.3 0.33 0.3 0.38 0.28 0.27 0.27 0.33 0.26 0.37 0.0 0.0 0.0 0.0 0.29 0.17 0.28 0.17 0.2 0.19 0.19 0.2 0.18 0.21 0.19 0.25 0.2 0.22 0.2 0.19 0.22 0.21 0.21 0.21 0.21 0.26 0.21 0.31 0.21 0.36 0.22 0.25 0.0 0.0 0.0 0.0 0.2 0.19 0.2 0.17 0.18 0.19 0.0 0.0
0.0 0.0 0.29 0.21 0.3 0.21 0.31 0.24 0.0 0.0 0.27 0.21 0.27 0.25 0.26 0.28 0.29 0.27 0.3 0.33 0.3 0.38 0.28 0.27 0.27 0.33 0.26 0.37 0.0 0.0 0.0 0.0 0.29 0.19 0.28 0.19 0.2 0.19 0.2 0.2 0.18 0.21 0.19 0.25 0.2 0.23 0.21 0.19 0.24 0.23 0.22 0.21 0.21 0.27 0.21 0.31 0.21 0.36 0.23 0.25 0.0 0.0 0.0 0.0 0.2 0.19 0.2 0.17 0.19 0.19 0.0 0.0
0.0 0.0 0.29 0.21 0.3 0.21 0.31 0.24 0.0 0.0 0.27 0.21 0.27 0.25 0.26 0.28 0.29 0.28 0.3 0.33 0.3 0.38 0.27 0.28 0.27 0.33 0.26 0.37 0.0 0.0 0.0 0.0 0.29 0.19 0.28 0.19 0.2 0.19 0.2 0.2 0.18 0.21 0.19 0.25 0.2 0.23 0.21 0.19 0.23 0.22 0.22 0.21 0.21 0.27 0.21 0.32 0.21 0.36 0.23 0.25 0.0 0.0 0.0 0.0 0.2 0.19 0.2 0.17 0.19 0.19 0.0 0.0
0.0 0.0 0.29 0.21 0.3 0.21 0.31 0.24 0.0 0.0 0.27 0.21 0.27 0.25 0.26 0.28 0.29 0.28 0.3 0.34 0.3 0.38 0.27 0.28 0.27 0.33 0.26 0.37 0.0 0.0 0.0 0.0 0.29 0.19 0.28 0.19 0.2 0.19 0.2 0.2 0.18 0.21 0.19 0.25 0.2 0.23 0.21 0.19 0.23 0.21 0.21 0.21 0.21 0.27 0.21 0.32 0.21 0.36 0.23 0.25 0.24 0.29 0.25 0.33 0.2 0.17 0.2 0.17 0.19 0.19 0.0 0.0
0.0 0.0 0.29 0.21 0.3 0.21 0.31 0.24 0.0 0.0 0.27 0.21 0.27 0.25 0.26 0.28 0.29 0.28 0.3 0.34 0.3 0.38 0.27 0.28 0.27 0.33 0.26 0.37 0.0 0.0 0.0 0.0 0.29 0.19 0.28 0.19 0.2 0.19 0.2 0.2 0.19 0.21 0.19 0.25 0.2 0.23 0.21 0.19 0.23 0.21 0.24 0.23 0.21 0.27 0.21 0.31 0.21 0.36 0.23 0.25 0.24 0.29 0.25 0.33 0.2 0.17 0.2 0.17 0.19 0.19 0.0 0.0
0.0 0.0 0.29 0.21 0.3 0.21 0.31 0.24 0.0 0.0 0.27 0.21 0.26 0.25 0.26 0.27 0.29 0.28 0.3 0.34 0.3 0.38 0.27 0.28 0.27 0.33 0.26 0.37 0.0 0.0 0.0 0.0 0.29 0.19 0.28 0.19 0.21 0.19 0.2 0.2 0.19 0.21 0.2 0.25 0.21 0.23 0.21 0.19 0.23 0.21 0.24 0.24 0.21 0.27 0.21 0.31 0.21 0.36 0.23 0.26 0.24 0.29 0.0 0.0 0.2 0.17 0.21 0.17 0.2 0.19 0.0 0.0
0.0 0.0 0.29 0.21 0.3 0.21 0.31 0.24 0.0 0.0 0.27 0.21 0.26 0.25 0.26 0.27 0.29 0.28 0.3 0.34 0.3 0.38 0.27 0.28 0.27 0.33 0.26 0.38 0.0 0.0 0.0 0.0 0.29 0.19 0.28 0.19 0.21 0.19 0.2 0.2 0.19 0.21 0.2 0.24 0.21 0.23 0.21 0.19 0.23 0.21 0.24 0.24 0.21 0.27 0.21 0.31 0.21 0.36 0.23 0.25 0.0 0.0 0.0 0.0 0.21 0.17 0.21 0.17 0.2 0.19 0.0 0.0
0.21 0.19 0.21 0.2 0.2 0.21 0.2 0.24 0.21 0.23 0.21 0.19 0.23 0.21 0.24 0.24 0.21 0.26 0.21 0.31 0.21 0.36 0.23 0.25 0.24 0.28 0.0 0.0 0.21 0.17 0.21 0.17 0.2 0.19 0.0 0.0 0.0 0.0 0.29 0.21 0.3 0.21 0.31 0.24 0.0 0.0 0.27 0.22 0.26 0.25 0.26 0.28 0.29 0.28 0.29 0.34 0.3 0.38 0.27 0.28 0.27 0.33 0.26 0.38 0.0 0.0 0.0 0.0 0.29 0.19 0.28 0.19
0.21 0.19 0.21 0.2 0.2 0.21 0.2 0.25 0.21 0.23 0.22 0.19 0.23 0.22 0.24 0.25 0.21 0.26 0.21 0.31 0.21 0.36 0.23 0.25 0.24 0.29 0.0 0.0 0.21 0.17 0.21 0.17 0.2 0.19 0.0 0.0 0.0 0.0 0.29 0.21 0.3 0.21 0.3 0.24 0.0 0.0 0.27 0.22 0.26 0.25 0.0 0.0 0.29 0.28 0.29 0.34 0.3 0.38 0.27 0.28 0.27 0.33 0.26 0.38 0.0 0.0 0.0 0.0 0.29 0.19 0.28 0.19
0.0 0.0 0.29 0.21 0.3 0.21 0.3 0.24 0.0 0.0 0.27 0.22 0.26 0.25 0.26 0.28 0.29 0.28 0.29 0.34 0.3 0.38 0.27 0.28 0.27 0.33 0.26 0.38 0.0 0.0 0.0 0.0 0.29 0.19 0.27 0.19 0.22 0.19 0.21 0.2 0.2 0.21 0.2 0.25 0.21 0.23 0.22 0.2 0.23 0.22 0.24 0.25 0.21 0.27 0.21 0.32 0.21 0.36 0.23 0.26 0.25 0.29 0.0 0.0 0.21 0.17 0.21 0.17 0.21 0.19 0.0 0.0
0.0 0.0 0.29 0.21 0.3 0.21 0.3 0.24 0.0 0.0 0.27 0.22 0.26 0.25 0.0 0.0 0.29 0.28 0.3 0.34 0.3 0.38 0.27 0.28 0.27 0.33 0.26 0.38 0.0 0.0 0.0 0.0 0.29 0.19 0.27 0.19 0.22 0.19 0.21 0.2 0.2 0.21 0.2 0.25 0.21 0.23 0.23 0.2 0.24 0.22 0.24 0.25 0.22 0.27 0.21 0.32 0.21 0.37 0.23 0.26 0.0 0.0 0.0 0.0 0.22 0.17 0.22 0.17 0.21 0.19 0.0 0.0
0.23 0.19 0.21 0.21 0.2 0.21 0.2 0.25 0.22 0.23 0.23 0.2 0.24 0.22 0.24 0.25 0.22 0.27 0.22 0.32 0.21 0.37 0.23 0.27 0.21 0.32 0.21 0.37 0.22 0.19 0.23 0.17 0.21 0.19 0.0 0.0 0.0 0.0 0.29 0.21 0.3 0.21 0.3 0.24 0.0 0.0 0.27 0.22 0.26 0.25 0.0 0.0 0.29 0.28 0.3 0.34 0.3 0.38 0.27 0.28 0.27 0.33 0.26 0.38 0.0 0.0 0.0 0.0 0.29 0.19 0.27 0.19
0.23 0.19 0.22 0.21 0.21 0.21 0.21 0.25 0.22 0.23 0.23 0.2 0.24 0.23 0.24 0.26 0.23 0.27 0.21 0.32 0.21 0.37 0.24 0.27 0.0 0.0 0.0 0.0 0.23 0.19 0.0 0.0 0.21 0.19 0.0 0.0 0.0 0.0 0.29 0.21 0.3 0.21 0.0 0.0 0.0 0.0 0.27 0.22 0.26 0.25 0.0 0.0 0.29 0.28 0.3 0.34 0.3 0.38 0.27 0.28 0.27 0.33 0.26 0.38 0.0 0.0 0.0 0.0 0.29 0.19 0.27 0.19
0.23 0.2 0.22 0.21 0.21 0.22 0.21 0.25 0.23 0.23 0.23 0.21 0.24 0.23 0.25 0.26 0.23 0.28 0.22 0.32 0.21 0.37 0.24 0.27 0.0 0.0 0.0 0.0 0.23 0.19 0.23 0.19 0.22 0.19 0.0 0.0 0.0 0.0 0.29 0.21 0.3 0.21 0.3 0.24 0.0 0.0 0.27 0.22 0.26 0.25 0.0 0.0 0.29 0.28 0.3 0.34 0.3 0.38 0.27 0.28 0.27 0.33 0.26 0.38 0.0 0.0 0.0 0.0 0.29 0.19 0.27 0.19
0.0 0.0 0.29 0.21 0.3 0.21 0.3 0.24 0.0 0.0 0.27 0.22 0.26 0.25 0.0 0.0 0.29 0.28 0.3 0.34 0.3 0.38 0.27 0.28 0.27 0.33 0.26 0.38 0.0 0.0 0.0 0.0 0.29 0.19 0.27 0.19 0.23 0.2 0.23 0.21 0.21 0.22 0.21 0.26 0.23 0.24 0.24 0.21 0.24 0.23 0.25 0.27 0.23 0.28 0.22 0.33 0.21 0.37 0.24 0.28 0.0 0.0 0.0 0.0 0.23 0.19 0.23 0.19 0.22 0.2 0.0 0.0
0.24 0.2 0.23 0.22 0.21 0.22 0.22 0.26 0.23 0.24 0.24 0.21 0.25 0.24 0.26 0.27 0.23 0.28 0.22 0.33 0.21 0.37 0.24 0.28 0.0 0.0 0.0 0.0 0.23 0.19 0.24 0.19 0.23 0.2 0.0 0.0 0.0 0.0 0.29 0.21 0.3 0.21 0.3 0.24 0.0 0.0 0.27 0.22 0.0 0.0 0.0 0.0 0.29 0.28 0.3 0.34 0.3 0.38 0.27 0.28 0.27 0.33 0.26 0.38 0.0 0.0 0.0 0.0 0.29 0.19 0.27 0.19
0.24 0.2 0.23 0.22 0.22 0.22 0.22 0.26 0.23 0.24 0.24 0.21 0.0 0.0 0.0 0.0 0.23 0.28 0.22 0.33 0.21 0.37 0.24 0.28 0.27 0.33 0.26 0.38 0.24 0.2 0.0 0.0 0.23 0.2 0.0 0.0 0.0 0.0 0.29 0.21 0.3 0.21 0.3 0.24 0.0 0.0 0.27 0.22 0.26 0.25 0.26 0.27 0.29 0.28 0.3 0.34 0.3 0.38 0.27 0.28 0.0 0.0 0.0 0.0 0.0 0.0 0.0 0.0 0.29 0.19 0.27 0.19
