0.22 0.07 0.21 0.11 0.2 0.11 0.19 0.16 0.22 0.16 0.22 0.12 0.23 0.17 0.24 0.16 0.2 0.24 0.2 0.35 0.19 0.44 0.21 0.24 0.21 0.34 0.2 0.42 0.21 0.06 0.22 0.06 0.2 0.07 0.0 0.0
0.22 0.07 0.21 0.11 0.2 0.11 0.19 0.16 0.22 0.16 0.22 0.12 0.23 0.17 0.24 0.16 0.2 0.24 0.2 0.35 0.19 0.42 0.21 0.24 0.21 0.34 0.2 0.42 0.21 0.06 0.22 0.06 0.2 0.07 0.0 0.0
0.22 0.07 0.21 0.11 0.2 0.11 0.19 0.16 0.23 0.16 0.22 0.12 0.23 0.17 0.24 0.16 0.2 0.24 0.2 0.35 0.19 0.42 0.21 0.24 0.21 0.34 0.2 0.42 0.21 0.06 0.22 0.06 0.2 0.07 0.0 0.0
0.22 0.07 0.21 0.11 0.2 0.11 0.19 0.16 0.23 0.16 0.22 0.12 0.23 0.16 0.24 0.16 0.2 0.24 0.2 0.35 0.19 0.44 0.21 0.24 0.21 0.34 0.2 0.42 0.21 0.06 0.22 0.06 0.2 0.07 0.0 0.0
0.22 0.07 0.21 0.11 0.2 0.11 0.19 0.16 0.23 0.15 0.22 0.12 0.23 0.17 0.24 0.17 0.2 0.24 0.2 0.35 0.19 0.44 0.21 0.24 0.21 0.34 0.2 0.42 0.21 0.06 0.22 0.06 0.2 0.07 0.0 0.0
0.22 0.07 0.21 0.11 0.2 0.11 0.2 0.16 0.23 0.15 0.22 0.12 0.22 0.17 0.24 0.17 0.2 0.24 0.2 0.34 0.19 0.42 0.21 0.24 0.21 0.34 0.21 0.42 0.21 0.06 0.22 0.06 0.21 0.07 0.0 0.0
0.22 0.07 0.21 0.11 0.2 0.11 0.2 0.16 0.23 0.15 0.22 0.12 0.22 0.17 0.24 0.17 0.2 0.24 0.2 0.34 0.19 0.42 0.21 0.24 0.21 0.34 0.21 0.42 0.21 0.06 0.22 0.06 0.21 0.07 0.0 0.0
0.22 0.07 0.21 0.11 0.2 0.11 0.2 0.16 0.23 0.14 0.22 0.12 0.22 0.19 0.24 0.19 0.2 0.24 0.2 0.34 0.19 0.42 0.21 0.24 0.21 0.33 0.2 0.42 0.21 0.06 0.22 0.06 0.21 0.07 0.0 0.0
0.22 0.07 0.21 0.11 0.2 0.11 0.2 0.16 0.23 0.14 0.22 0.12 0.21 0.19 0.24 0.19 0.2 0.24 0.2 0.34 0.19 0.42 0.21 0.24 0.21 0.33 0.21 0.41 0.21 0.06 0.23 0.06 0.21 0.07 0.0 0.0
0.22 0.07 0.21 0.11 0.2 0.11 0.2 0.16 0.23 0.14 0.22 0.12 0.21 0.19 0.24 0.19 0.2 0.23 0.2 0.34 0.19 0.42 0.21 0.24 0.21 0.33 0.21 0.41 0.21 0.06 0.23 0.06 0.21 0.07 0.0 0.0
0.22 0.07 0.21 0.11 0.2 0.11 0.2 0.15 0.24 0.14 0.22 0.12 0.21 0.19 0.23 0.19 0.2 0.23 0.2 0.34 0.19 0.42 0.21 0.24 0.21 0.34 0.21 0.42 0.21 0.06 0.23 0.06 0.21 0.07 0.0 0.0
0.22 0.07 0.21 0.11 0.2 0.11 0.2 0.15 0.24 0.14 0.22 0.12 0.21 0.19 0.23 0.2 0.2 0.23 0.2 0.34 0.19 0.42 0.21 0.24 0.21 0.34 0.21 0.42 0.21 0.06 0.23 0.06 0.21 0.07 0.0 0.0
0.22 0.07 0.21 0.11 0.2 0.11 0.2 0.15 0.24 0.14 0.22 0.12 0.21 0.19 0.23 0.2 0.2 0.24 0.2 0.34 0.19 0.42 0.21 0.24 0.21 0.34 0.21 0.42 0.21 0.06 0.23 0.06 0.21 0.07 0.0 0.0
0.22 0.07 0.21 0.11 0.21 0.11 0.2 0.15 0.24 0.14 0.22 0.12 0.21 0.19 0.23 0.2 0.2 0.24 0.2 0.34 0.19 0.42 0.21 0.24 0.22 0.34 0.21 0.42 0.22 0.06 0.23 0.06 0.21 0.07 0.0 0.0
0.22 0.07 0.21 0.11 0.21 0.11 0.2 0.15 0.24 0.14 0.22 0.12 0.21 0.19 0.23 0.2 0.2 0.24 0.2 0.34 0.19 0.42 0.21 0.24 0.22 0.33 0.21 0.42 0.22 0.06 0.23 0.06 0.21 0.07 0.0 0.0
0.22 0.07 0.21 0.11 0.21 0.11 0.21 0.15 0.24 0.14 0.21 0.11 0.21 0.19 0.23 0.2 0.2 0.24 0.2 0.34 0.19 0.42 0.21 0.24 0.22 0.33 0.21 0.42 0.22 0.06 0.23 0.06 0.21 0.07 0.0 0.0
0.22 0.07 0.21 0.11 0.0 0.0 0.0 0.0 0.0 0.0 0.21 0.11 0.21 0.19 0.23 0.2 0.2 0.23 0.2 0.34 0.19 0.42 0.21 0.23 0.22 0.33 0.21 0.42 0.0 0.0 0.23 0.06 0.0 0.0 0.0 0.0 0.0 0.0 0.0 0.0 0.21 0.11 0.21 0.14 0.24 0.14 0.0 0.0 0.0 0.0 0.0 0.0 0.0 0.0 0.0 0.0 0.0 0.0 0.0 0.0 0.0 0.0 0.0 0.0 0.22 0.07 0.0 0.0 0.21 0.07 0.0 0.0
0.23 0.07 0.21 0.11 0.21 0.11 0.22 0.15 0.25 0.14 0.22 0.12 0.0 0.0 0.0 0.0 0.2 0.23 0.2 0.34 0.19 0.42 0.21 0.23 0.22 0.33 0.21 0.42 0.22 0.07 0.0 0.0 0.21 0.07 0.0 0.0
0.23 0.07 0.21 0.12 0.21 0.11 0.23 0.15 0.25 0.14 0.22 0.12 0.0 0.0 0.0 0.0 0.2 0.23 0.2 0.34 0.19 0.42 0.21 0.23 0.22 0.33 0.21 0.42 0.22 0.07 0.0 0.0 0.21 0.08 0.0 0.0
0.23 0.07 0.21 0.11 0.21 0.11 0.23 0.15 0.24 0.14 0.22 0.12 0.0 0.0 0.0 0.0 0.2 0.23 0.2 0.34 0.19 0.42 0.21 0.23 0.22 0.33 0.21 0.42 0.22 0.07 0.0 0.0 0.21 0.08 0.0 0.0
0.23 0.07 0.21 0.11 0.21 0.11 0.23 0.15 0.24 0.15 0.22 0.12 0.0 0.0 0.0 0.0 0.2 0.23 0.2 0.34 0.19 0.44 0.21 0.23 0.22 0.34 0.21 0.42 0.22 0.07 0.0 0.0 0.21 0.08 0.0 0.0
0.23 0.08 0.21 0.11 0.21 0.11 0.21 0.14 0.24 0.15 0.22 0.12 0.23 0.15 0.24 0.15 0.2 0.23 0.2 0.34 0.19 0.44 0.21 0.23 0.22 0.33 0.21 0.42 0.22 0.07 0.23 0.07 0.21 0.08 0.0 0.0
0.23 0.08 0.21 0.11 0.21 0.11 0.21 0.14 0.24 0.15 0.22 0.11 0.0 0.0 0.0 0.0 0.2 0.23 0.2 0.33 0.19 0.42 0.21 0.23 0.22 0.33 0.21 0.42 0.22 0.07 0.23 0.07 0.21 0.08 0.0 0.0
0.23 0.08 0.21 0.12 0.21 0.11 0.22 0.14 0.24 0.16 0.22 0.12 0.0 0.0 0.0 0.0 0.2 0.24 0.2 0.34 0.19 0.42 0.21 0.24 0.21 0.33 0.21 0.42 0.22 0.07 0.23 0.07 0.21 0.08 0.0 0.0
0.23 0.08 0.21 0.12 0.21 0.11 0.22 0.15 0.24 0.16 0.22 0.12 0.0 0.0 0.0 0.0 0.21 0.24 0.2 0.34 0.19 0.42 0.21 0.24 0.21 0.34 0.21 0.42 0.22 0.07 0.23 0.07 0.21 0.08 0.0 0.0
0.23 0.08 0.21 0.12 0.21 0.11 0.22 0.16 0.23 0.17 0.0 0.0 0.0 0.0 0.0 0.0 0.21 0.24 0.2 0.34 0.19 0.44 0.21 0.23 0.21 0.34 0.21 0.42 0.22 0.08 0.23 0.07 0.21 0.08 0.0 0.0
0.23 0.08 0.21 0.12 0.21 0.12 0.22 0.17 0.23 0.19 0.0 0.0 0.0 0.0 0.0 0.0 0.21 0.24 0.2 0.34 0.2 0.44 0.21 0.23 0.21 0.34 0.21 0.42 0.22 0.08 0.0 0.0 0.21 0.08 0.0 0.0
0.23 0.08 0.22 0.12 0.21 0.12 0.21 0.19 0.23 0.19 0.0 0.0 0.0 0.0 0.0 0.0 0.21 0.23 0.2 0.34 0.19 0.44 0.21 0.23 0.21 0.34 0.2 0.44 0.22 0.08 0.0 0.0 0.21 0.09 0.0 0.0
0.23 0.09 0.22 0.12 0.21 0.12 0.2 0.19 0.23 0.19 0.0 0.0 0.0 0.0 0.0 0.0 0.21 0.24 0.21 0.34 0.2 0.44 0.21 0.23 0.21 0.33 0.21 0.42 0.22 0.08 0.23 0.08 0.21 0.09 0.0 0.0
0.23 0.09 0.22 0.12 0.21 0.12 0.2 0.17 0.0 0.0 0.23 0.12 0.22 0.19 0.24 0.19 0.21 0.24 0.21 0.34 0.2 0.44 0.21 0.24 0.21 0.33 0.2 0.42 0.22 0.08 0.23 0.08 0.21 0.09 0.0 0.0
0.23 0.09 0.22 0.12 0.22 0.12 0.21 0.19 0.0 0.0 0.0 0.0 0.0 0.0 0.0 0.0 0.21 0.23 0.21 0.33 0.2 0.42 0.21 0.23 0.21 0.33 0.2 0.41 0.23 0.08 0.23 0.08 0.21 0.09 0.0 0.0
0.23 0.09 0.22 0.12 0.21 0.12 0.21 0.19 0.24 0.19 0.0 0.0 0.0 0.0 0.0 0.0 0.21 0.23 0.21 0.33 0.2 0.42 0.21 0.23 0.21 0.33 0.2 0.41 0.23 0.08 0.23 0.08 0.21 0.09 0.0 0.0
0.23 0.09 0.22 0.13 0.21 0.12 0.18 0.16 0.18 0.17 0.23 0.13 0.22 0.19 0.24 0.2 0.21 0.22 0.21 0.32 0.2 0.42 0.21 0.22 0.21 0.32 0.2 0.41 0.23 0.08 0.23 0.08 0.21 0.09 0.0 0.0
0.23 0.09 0.22 0.13 0.21 0.12 0.19 0.15 0.18 0.17 0.23 0.13 0.23 0.2 0.25 0.2 0.21 0.23 0.22 0.32 0.2 0.41 0.21 0.22 0.21 0.32 0.2 0.4 0.23 0.09 0.0 0.0 0.21 0.09 0.0 0.0
0.23 0.09 0.22 0.13 0.21 0.12 0.18 0.15 0.18 0.17 0.23 0.13 0.23 0.2 0.25 0.2 0.21 0.23 0.23 0.32 0.2 0.41 0.21 0.23 0.21 0.32 0.21 0.4 0.23 0.09 0.0 0.0 0.21 0.09 0.0 0.0
0.23 0.09 0.22 0.13 0.21 0.13 0.18 0.15 0.18 0.17 0.23 0.14 0.23 0.21 0.25 0.2 0.21 0.23 0.23 0.31 0.2 0.4 0.21 0.23 0.22 0.32 0.21 0.39 0.23 0.09 0.0 0.0 0.21 0.1 0.0 0.0
0.23 0.1 0.22 0.13 0.21 0.13 0.18 0.15 0.18 0.17 0.23 0.14 0.24 0.21 0.25 0.2 0.21 0.22 0.23 0.31 0.2 0.4 0.21 0.22 0.22 0.32 0.2 0.39 0.23 0.09 0.23 0.09 0.21 0.1 0.0 0.0
0.23 0.1 0.22 0.13 0.21 0.13 0.18 0.15 0.17 0.17 0.23 0.14 0.24 0.22 0.26 0.2 0.2 0.23 0.24 0.29 0.2 0.38 0.19 0.23 0.2 0.32 0.2 0.37 0.23 0.09 0.23 0.09 0.22 0.1 0.0 0.0
0.23 0.1 0.22 0.13 0.21 0.13 0.18 0.15 0.18 0.17 0.23 0.14 0.24 0.22 0.25 0.19 0.2 0.22 0.24 0.28 0.21 0.36 0.21 0.22 0.24 0.27 0.0 0.0 0.23 0.09 0.23 0.09 0.22 0.1 0.0 0.0
0.23 0.1 0.22 0.13 0.22 0.13 0.24 0.22 0.25 0.2 0.0 0.0 0.0 0.0 0.0 0.0 0.2 0.22 0.24 0.27 0.21 0.35 0.21 0.22 0.24 0.27 0.21 0.35 0.23 0.09 0.23 0.09 0.22 0.1 0.0 0.0
0.23 0.1 0.22 0.14 0.21 0.13 0.19 0.14 0.18 0.16 0.23 0.16 0.24 0.22 0.26 0.19 0.2 0.21 0.24 0.26 0.21 0.34 0.21 0.22 0.25 0.25 0.22 0.34 0.23 0.1 0.0 0.0 0.22 0.1 0.0 0.0
0.23 0.1 0.22 0.14 0.21 0.13 0.19 0.14 0.18 0.16 0.23 0.15 0.24 0.22 0.25 0.19 0.2 0.21 0.24 0.25 0.21 0.33 0.21 0.22 0.25 0.25 0.22 0.33 0.23 0.1 0.24 0.1 0.22 0.1 0.0 0.0
0.23 0.1 0.22 0.14 0.21 0.13 0.2 0.14 0.18 0.15 0.23 0.15 0.25 0.22 0.26 0.19 0.2 0.21 0.24 0.24 0.21 0.32 0.22 0.22 0.25 0.24 0.23 0.32 0.23 0.1 0.24 0.1 0.22 0.1 0.0 0.0
0.23 0.1 0.22 0.14 0.21 0.13 0.19 0.14 0.18 0.15 0.23 0.15 0.25 0.21 0.25 0.19 0.2 0.21 0.24 0.23 0.22 0.31 0.22 0.22 0.26 0.23 0.23 0.31 0.23 0.1 0.24 0.1 0.22 0.11 0.0 0.0
0.23 0.1 0.22 0.14 0.21 0.13 0.19 0.14 0.18 0.15 0.23 0.15 0.24 0.2 0.25 0.19 0.2 0.21 0.25 0.22 0.22 0.29 0.22 0.22 0.26 0.22 0.23 0.29 0.23 0.1 0.24 0.1 0.22 0.11 0.0 0.0
0.23 0.11 0.22 0.14 0.21 0.13 0.19 0.14 0.18 0.15 0.23 0.15 0.24 0.2 0.25 0.19 0.2 0.2 0.25 0.22 0.23 0.28 0.22 0.21 0.26 0.22 0.0 0.0 0.23 0.1 0.24 0.1 0.22 0.11 0.0 0.0
0.23 0.11 0.22 0.14 0.21 0.13 0.19 0.14 0.18 0.15 0.23 0.15 0.24 0.2 0.25 0.19 0.2 0.2 0.25 0.22 0.23 0.28 0.22 0.21 0.26 0.22 0.23 0.28 0.23 0.1 0.24 0.1 0.22 0.11 0.0 0.0
0.23 0.11 0.23 0.14 0.21 0.13 0.2 0.14 0.18 0.15 0.23 0.15 0.24 0.19 0.24 0.17 0.2 0.2 0.25 0.21 0.23 0.27 0.22 0.21 0.25 0.21 0.23 0.27 0.23 0.1 0.24 0.1 0.22 0.11 0.0 0.0
0.23 0.11 0.23 0.14 0.21 0.13 0.2 0.14 0.18 0.15 0.23 0.15 0.24 0.17 0.25 0.17 0.2 0.21 0.25 0.2 0.23 0.26 0.21 0.21 0.25 0.2 0.23 0.26 0.23 0.1 0.24 0.1 0.22 0.11 0.0 0.0
0.24 0.11 0.23 0.14 0.21 0.13 0.2 0.14 0.19 0.14 0.23 0.15 0.24 0.17 0.25 0.17 0.2 0.2 0.24 0.2 0.23 0.26 0.21 0.22 0.26 0.19 0.0 0.0 0.23 0.1 0.24 0.1 0.22 0.11 0.0 0.0
0.24 0.11 0.23 0.15 0.21 0.14 0.2 0.14 0.19 0.14 0.24 0.16 0.0 0.0 0.0 0.0 0.2 0.24 0.2 0.33 0.21 0.4 0.0 0.0 0.0 0.0 0.0 0.0 0.23 0.1 0.24 0.1 0.22 0.11 0.0 0.0
0.24 0.11 0.23 0.15 0.21 0.14 0.2 0.14 0.19 0.14 0.24 0.16 0.0 0.0 0.0 0.0 0.19 0.23 0.2 0.33 0.21 0.4 0.0 0.0 0.0 0.0 0.0 0.0 0.23 0.1 0.24 0.1 0.22 0.11 0.0 0.0
0.24 0.11 0.23 0.15 0.21 0.14 0.18 0.15 0.18 0.14 0.24 0.16 0.25 0.22 0.26 0.23 0.2 0.24 0.2 0.32 0.2 0.4 0.21 0.24 0.2 0.32 0.2 0.39 0.23 0.1 0.24 0.1 0.22 0.11 0.0 0.0
0.24 0.11 0.23 0.15 0.21 0.14 0.18 0.15 0.18 0.14 0.24 0.16 0.24 0.21 0.25 0.21 0.2 0.24 0.2 0.32 0.21 0.4 0.21 0.24 0.2 0.32 0.2 0.39 0.23 0.1 0.24 0.1 0.22 0.11 0.0 0.0
0.24 0.11 0.23 0.15 0.22 0.15 0.23 0.19 0.26 0.2 0.23 0.15 0.0 0.0 0.0 0.0 0.2 0.24 0.2 0.33 0.21 0.4 0.18 0.24 0.2 0.32 0.2 0.4 0.23 0.11 0.0 0.0 0.22 0.11 0.0 0.0
0.24 0.11 0.23 0.15 0.21 0.14 0.18 0.15 0.19 0.13 0.24 0.16 0.26 0.17 0.27 0.17 0.2 0.24 0.2 0.32 0.21 0.4 0.21 0.24 0.2 0.32 0.2 0.4 0.23 0.11 0.0 0.0 0.22 0.12 0.0 0.0
0.24 0.11 0.23 0.15 0.21 0.14 0.18 0.15 0.19 0.13 0.24 0.16 0.26 0.16 0.26 0.17 0.2 0.24 0.2 0.33 0.2 0.4 0.21 0.24 0.2 0.33 0.21 0.4 0.23 0.11 0.0 0.0 0.22 0.12 0.0 0.0
0.24 0.11 0.23 0.15 0.21 0.14 0.18 0.15 0.2 0.13 0.24 0.15 0.25 0.15 0.26 0.15 0.2 0.23 0.2 0.32 0.2 0.4 0.21 0.23 0.2 0.31 0.0 0.0 0.23 0.11 0.24 0.11 0.22 0.12 0.24 0.12
0.24 0.11 0.23 0.15 0.21 0.14 0.19 0.15 0.2 0.12 0.24 0.16 0.24 0.24 0.24 0.21 0.2 0.23 0.2 0.32 0.2 0.4 0.21 0.24 0.2 0.32 0.2 0.4 0.23 0.11 0.0 0.0 0.22 0.12 0.0 0.0
0.24 0.11 0.23 0.15 0.21 0.14 0.19 0.14 0.2 0.12 0.23 0.16 0.24 0.24 0.24 0.22 0.2 0.24 0.2 0.32 0.2 0.4 0.21 0.24 0.2 0.32 0.2 0.4 0.23 0.11 0.0 0.0 0.22 0.12 0.0 0.0
0.24 0.11 0.23 0.15 0.21 0.14 0.19 0.15 0.2 0.12 0.24 0.16 0.24 0.25 0.24 0.22 0.2 0.23 0.2 0.32 0.2 0.4 0.21 0.24 0.21 0.32 0.21 0.39 0.23 0.11 0.0 0.0 0.22 0.11 0.0 0.0
0.24 0.11 0.23 0.15 0.21 0.14 0.19 0.15 0.2 0.12 0.24 0.16 0.24 0.25 0.24 0.22 0.2 0.23 0.2 0.32 0.2 0.4 0.21 0.24 0.21 0.32 0.21 0.39 0.23 0.11 0.0 0.0 0.22 0.11 0.0 0.0
0.23 0.11 0.23 0.15 0.21 0.14 0.19 0.14 0.21 0.12 0.24 0.17 0.24 0.25 0.24 0.22 0.2 0.22 0.2 0.32 0.2 0.4 0.21 0.23 0.2 0.32 0.0 0.0 0.23 0.11 0.0 0.0 0.22 0.12 0.0 0.0
0.24 0.12 0.23 0.15 0.21 0.12 0.19 0.14 0.21 0.13 0.24 0.17 0.24 0.25 0.24 0.23 0.2 0.22 0.2 0.32 0.2 0.4 0.21 0.23 0.2 0.31 0.0 0.0 0.23 0.11 0.0 0.0 0.23 0.11 0.0 0.0
0.24 0.12 0.22 0.15 0.21 0.14 0.2 0.14 0.21 0.12 0.24 0.17 0.24 0.25 0.24 0.23 0.2 0.23 0.2 0.32 0.2 0.39 0.21 0.24 0.2 0.32 0.2 0.39 0.23 0.11 0.24 0.12 0.22 0.12 0.24 0.13
0.24 0.12 0.23 0.15 0.21 0.14 0.22 0.11 0.24 0.07 0.24 0.17 0.24 0.22 0.0 0.0 0.2 0.24 0.2 0.32 0.2 0.4 0.21 0.24 0.2 0.32 0.2 0.39 0.23 0.11 0.24 0.11 0.23 0.12 0.24 0.13
0.24 0.12 0.23 0.15 0.21 0.14 0.22 0.11 0.24 0.07 0.24 0.17 0.24 0.22 0.0 0.0 0.2 0.24 0.2 0.33 0.2 0.4 0.21 0.25 0.2 0.32 0.21 0.39 0.23 0.11 0.24 0.11 0.23 0.12 0.0 0.0
0.24 0.12 0.23 0.16 0.22 0.15 0.22 0.11 0.24 0.06 0.24 0.17 0.0 0.0 0.0 0.0 0.2 0.24 0.2 0.32 0.2 0.39 0.21 0.25 0.2 0.32 0.2 0.39 0.23 0.11 0.24 0.11 0.23 0.12 0.24 0.12
0.24 0.12 0.23 0.15 0.22 0.15 0.22 0.1 0.23 0.06 0.24 0.16 0.0 0.0 0.0 0.0 0.2 0.24 0.2 0.32 0.2 0.38 0.21 0.25 0.2 0.32 0.2 0.38 0.23 0.12 0.0 0.0 0.23 0.12 0.0 0.0
0.24 0.12 0.23 0.16 0.21 0.14 0.22 0.1 0.23 0.06 0.23 0.16 0.0 0.0 0.0 0.0 0.2 0.25 0.2 0.32 0.2 0.39 0.21 0.25 0.2 0.32 0.2 0.38 0.23 0.12 0.0 0.0 0.23 0.12 0.0 0.0

0.24 0.12 0.23 0.16 0.19 0.17 0.0 0.0 0.0 0.0 0.23 0.17 0.21 0.26 0.23 0.24 0.2 0.26 0.0 0.0 0.0 0.0 0.0 0.0 0.0 0.0 0.0 0.0 0.23 0.11 0.24 0.11 0.0 0.0 0.0 0.0











0.24 0.13 0.23 0.14 0.22 0.12 0.18 0.08 0.16 0.06 0.0 0.0 0.0 0.0 0.0 0.0 0.0 0.0 0.0 0.0 0.0 0.0 0.0 0.0 0.0 0.0 0.0 0.0 0.24 0.13 0.0 0.0 0.23 0.12 0.0 0.0

0.24 0.14 0.23 0.15 0.22 0.12 0.18 0.09 0.15 0.08 0.24 0.16 0.0 0.0 0.0 0.0 0.2 0.22 0.21 0.29 0.2 0.39 0.0 0.0 0.0 0.0 0.0 0.0 0.24 0.13 0.24 0.13 0.23 0.13 0.0 0.0
0.24 0.14 0.23 0.15 0.22 0.12 0.19 0.09 0.15 0.08 0.23 0.16 0.0 0.0 0.0 0.0 0.2 0.22 0.21 0.29 0.21 0.39 0.0 0.0 0.0 0.0 0.0 0.0 0.24 0.13 0.24 0.13 0.23 0.13 0.0 0.0
0.24 0.14 0.22 0.14 0.21 0.13 0.18 0.09 0.15 0.09 0.23 0.16 0.0 0.0 0.0 0.0 0.2 0.22 0.21 0.31 0.2 0.4 0.21 0.23 0.2 0.31 0.2 0.39 0.24 0.13 0.0 0.0 0.23 0.13 0.0 0.0

0.24 0.14 0.23 0.16 0.0 0.0 0.0 0.0 0.0 0.0 0.0 0.0 0.0 0.0 0.0 0.0 0.2 0.23 0.2 0.32 0.2 0.4 0.0 0.0 0.0 0.0 0.0 0.0 0.24 0.13 0.0 0.0 0.23 0.14 0.0 0.0


0.24 0.14 0.23 0.17 0.0 0.0 0.0 0.0 0.0 0.0 0.0 0.0 0.0 0.0 0.0 0.0 0.0 0.0 0.0 0.0 0.0 0.0 0.0 0.0 0.0 0.0 0.0 0.0 0.24 0.13 0.24 0.13 0.23 0.14 0.0 0.0
0.24 0.14 0.23 0.16 0.21 0.13 0.18 0.12 0.15 0.12 0.24 0.17 0.0 0.0 0.0 0.0 0.2 0.23 0.21 0.32 0.2 0.41 0.0 0.0 0.0 0.0 0.0 0.0 0.24 0.13 0.24 0.13 0.23 0.14 0.0 0.0
0.24 0.14 0.23 0.16 0.22 0.14 0.19 0.12 0.15 0.13 0.24 0.16 0.25 0.17 0.0 0.0 0.22 0.23 0.21 0.33 0.0 0.0 0.24 0.22 0.23 0.26 0.0 0.0 0.24 0.13 0.24 0.13 0.23 0.14 0.0 0.0
0.24 0.14 0.23 0.16 0.23 0.16 0.24 0.16 0.25 0.16 0.24 0.16 0.25 0.17 0.0 0.0 0.22 0.22 0.0 0.0 0.0 0.0 0.24 0.22 0.23 0.26 0.0 0.0 0.24 0.13 0.24 0.13 0.23 0.14 0.0 0.0
0.24 0.14 0.23 0.16 0.23 0.16 0.24 0.16 0.25 0.16 0.24 0.16 0.25 0.17 0.0 0.0 0.23 0.22 0.21 0.33 0.21 0.4 0.24 0.22 0.23 0.25 0.23 0.27 0.24 0.13 0.24 0.13 0.23 0.14 0.0 0.0
0.24 0.14 0.23 0.16 0.22 0.15 0.19 0.13 0.16 0.14 0.24 0.16 0.26 0.17 0.0 0.0 0.22 0.22 0.21 0.32 0.21 0.4 0.24 0.22 0.23 0.25 0.0 0.0 0.24 0.13 0.24 0.13 0.23 0.14 0.0 0.0
0.24 0.14 0.23 0.16 0.22 0.15 0.2 0.13 0.17 0.14 0.24 0.16 0.26 0.17 0.0 0.0 0.2 0.24 0.21 0.33 0.21 0.4 0.24 0.21 0.0 0.0 0.0 0.0 0.24 0.13 0.0 0.0 0.23 0.14 0.0 0.0
0.24 0.14 0.23 0.15 0.23 0.15 0.25 0.17 0.26 0.17 0.0 0.0 0.0 0.0 0.0 0.0 0.23 0.21 0.24 0.24 0.24 0.28 0.24 0.21 0.0 0.0 0.0 0.0 0.24 0.14 0.0 0.0 0.23 0.14 0.0 0.0
0.24 0.14 0.23 0.15 0.24 0.16 0.26 0.17 0.0 0.0 0.22 0.14 0.19 0.14 0.0 0.0 0.2 0.24 0.2 0.33 0.2 0.41 0.2 0.24 0.2 0.33 0.2 0.41 0.24 0.14 0.0 0.0 0.23 0.14 0.0 0.0
0.24 0.14 0.23 0.15 0.24 0.16 0.26 0.17 0.0 0.0 0.22 0.14 0.19 0.14 0.0 0.0 0.24 0.21 0.24 0.25 0.24 0.28 0.23 0.21 0.0 0.0 0.0 0.0 0.24 0.14 0.0 0.0 0.23 0.14 0.0 0.0
0.24 0.14 0.23 0.16 0.22 0.15 0.19 0.14 0.16 0.15 0.24 0.16 0.0 0.0 0.0 0.0 0.2 0.24 0.2 0.33 0.2 0.41 0.21 0.24 0.21 0.33 0.21 0.41 0.24 0.14 0.0 0.0 0.23 0.14 0.0 0.0
0.24 0.14 0.23 0.15 0.24 0.16 0.26 0.19 0.0 0.0 0.22 0.14 0.19 0.14 0.0 0.0 0.24 0.21 0.24 0.25 0.24 0.28 0.23 0.21 0.22 0.25 0.0 0.0 0.24 0.14 0.0 0.0 0.23 0.14 0.0 0.0
0.24 0.14 0.23 0.15 0.24 0.16 0.25 0.19 0.0 0.0 0.22 0.14 0.19 0.14 0.16 0.15 0.24 0.22 0.24 0.24 0.24 0.28 0.23 0.21 0.22 0.25 0.0 0.0 0.24 0.14 0.0 0.0 0.23 0.14 0.0 0.0
0.24 0.14 0.23 0.15 0.24 0.16 0.25 0.19 0.0 0.0 0.22 0.14 0.0 0.0 0.0 0.0 0.21 0.23 0.21 0.32 0.21 0.4 0.2 0.23 0.2 0.32 0.21 0.41 0.24 0.14 0.0 0.0 0.23 0.14 0.0 0.0
0.24 0.14 0.23 0.15 0.24 0.16 0.25 0.19 0.0 0.0 0.0 0.0 0.0 0.0 0.0 0.0 0.21 0.24 0.21 0.32 0.21 0.4 0.2 0.23 0.2 0.32 0.21 0.41 0.0 0.0 0.0 0.0 0.0 0.0 0.0 0.0 0.0 0.0 0.0 0.0 0.22 0.15 0.19 0.14 0.15 0.15 0.0 0.0 0.0 0.0 0.0 0.0 0.0 0.0 0.0 0.0 0.0 0.0 0.0 0.0 0.0 0.0 0.0 0.0 0.24 0.14 0.0 0.0 0.23 0.14 0.0 0.0
0.24 0.14 0.23 0.16 0.22 0.15 0.19 0.15 0.16 0.15 0.0 0.0 0.0 0.0 0.0 0.0 0.2 0.24 0.21 0.32 0.21 0.4 0.0 0.0 0.0 0.0 0.0 0.0 0.24 0.14 0.0 0.0 0.23 0.14 0.0 0.0
0.24 0.14 0.23 0.16 0.22 0.15 0.19 0.14 0.15 0.15 0.0 0.0 0.0 0.0 0.0 0.0 0.2 0.23 0.2 0.32 0.21 0.41 0.21 0.24 0.2 0.32 0.21 0.41 0.24 0.14 0.25 0.14 0.23 0.14 0.0 0.0
0.24 0.14 0.23 0.16 0.22 0.15 0.18 0.14 0.15 0.15 0.24 0.17 0.0 0.0 0.0 0.0 0.2 0.23 0.2 0.32 0.21 0.4 0.22 0.23 0.2 0.32 0.21 0.4 0.24 0.13 0.25 0.14 0.23 0.14 0.0 0.0
0.24 0.14 0.23 0.16 0.22 0.15 0.18 0.14 0.15 0.14 0.24 0.17 0.0 0.0 0.0 0.0 0.2 0.23 0.2 0.32 0.21 0.41 0.21 0.24 0.2 0.32 0.21 0.41 0.24 0.13 0.25 0.14 0.23 0.14 0.0 0.0
0.24 0.14 0.23 0.16 0.22 0.15 0.18 0.14 0.15 0.14 0.0 0.0 0.0 0.0 0.0 0.0 0.2 0.23 0.2 0.32 0.21 0.41 0.22 0.23 0.21 0.32 0.21 0.4 0.24 0.13 0.25 0.14 0.23 0.14 0.0 0.0
0.25 0.14 0.23 0.16 0.22 0.15 0.18 0.14 0.15 0.14 0.24 0.17 0.0 0.0 0.0 0.0 0.2 0.23 0.2 0.32 0.21 0.41 0.22 0.24 0.21 0.32 0.21 0.41 0.24 0.13 0.0 0.0 0.23 0.14 0.0 0.0
0.25 0.14 0.23 0.16 0.22 0.15 0.18 0.14 0.16 0.13 0.24 0.17 0.0 0.0 0.0 0.0 0.2 0.23 0.2 0.33 0.21 0.41 0.22 0.24 0.21 0.32 0.21 0.4 0.24 0.13 0.0 0.0 0.23 0.14 0.0 0.0
0.25 0.14 0.23 0.16 0.22 0.15 0.18 0.14 0.16 0.13 0.24 0.17 0.0 0.0 0.0 0.0 0.2 0.23 0.2 0.33 0.21 0.41 0.22 0.24 0.0 0.0 0.0 0.0 0.24 0.13 0.25 0.13 0.23 0.14 0.0 0.0
0.25 0.14 0.23 0.16 0.22 0.15 0.19 0.13 0.16 0.13 0.24 0.17 0.0 0.0 0.0 0.0 0.2 0.23 0.2 0.33 0.21 0.41 0.22 0.24 0.2 0.33 0.21 0.41 0.24 0.13 0.25 0.13 0.23 0.14 0.0 0.0
0.25 0.14 0.23 0.16 0.22 0.15 0.19 0.13 0.16 0.13 0.24 0.17 0.0 0.0 0.0 0.0 0.2 0.23 0.2 0.33 0.21 0.41 0.22 0.23 0.21 0.33 0.21 0.41 0.24 0.13 0.25 0.13 0.23 0.14 0.0 0.0
0.25 0.14 0.23 0.16 0.22 0.15 0.18 0.13 0.16 0.12 0.24 0.16 0.0 0.0 0.0 0.0 0.2 0.23 0.2 0.33 0.21 0.4 0.22 0.23 0.2 0.33 0.21 0.41 0.24 0.13 0.25 0.13 0.23 0.14 0.0 0.0
0.25 0.14 0.23 0.16 0.22 0.15 0.18 0.13 0.16 0.12 0.24 0.16 0.0 0.0 0.0 0.0 0.2 0.23 0.2 0.33 0.21 0.4 0.22 0.23 0.21 0.32 0.21 0.4 0.24 0.13 0.25 0.13 0.23 0.14 0.0 0.0
0.25 0.14 0.23 0.16 0.22 0.15 0.18 0.12 0.16 0.12 0.24 0.17 0.0 0.0 0.0 0.0 0.2 0.23 0.2 0.32 0.21 0.4 0.22 0.24 0.2 0.32 0.21 0.4 0.24 0.13 0.25 0.13 0.23 0.13 0.0 0.0
0.25 0.14 0.23 0.16 0.22 0.15 0.19 0.12 0.17 0.11 0.24 0.17 0.0 0.0 0.0 0.0 0.2 0.23 0.2 0.33 0.21 0.41 0.22 0.24 0.2 0.32 0.21 0.4 0.24 0.13 0.25 0.13 0.23 0.13 0.0 0.0
0.25 0.14 0.23 0.16 0.22 0.15 0.19 0.12 0.17 0.11 0.24 0.17 0.0 0.0 0.0 0.0 0.2 0.23 0.2 0.33 0.21 0.41 0.22 0.24 0.2 0.33 0.21 0.4 0.24 0.13 0.25 0.13 0.23 0.13 0.0 0.0
0.25 0.14 0.23 0.16 0.22 0.15 0.18 0.12 0.17 0.11 0.24 0.17 0.0 0.0 0.0 0.0 0.2 0.23 0.2 0.33 0.21 0.41 0.22 0.24 0.21 0.33 0.21 0.41 0.24 0.13 0.25 0.13 0.23 0.13 0.0 0.0
0.25 0.14 0.23 0.16 0.22 0.14 0.18 0.11 0.17 0.11 0.24 0.17 0.0 0.0 0.0 0.0 0.2 0.24 0.2 0.32 0.21 0.41 0.22 0.24 0.21 0.32 0.21 0.4 0.24 0.13 0.25 0.13 0.23 0.13 0.0 0.0
0.25 0.13 0.23 0.16 0.22 0.14 0.18 0.11 0.17 0.1 0.24 0.17 0.0 0.0 0.0 0.0 0.2 0.24 0.2 0.32 0.21 0.41 0.21 0.24 0.21 0.32 0.21 0.4 0.24 0.13 0.0 0.0 0.24 0.13 0.0 0.0
0.25 0.13 0.23 0.16 0.23 0.15 0.19 0.11 0.17 0.1 0.24 0.17 0.0 0.0 0.0 0.0 0.2 0.24 0.21 0.32 0.21 0.41 0.21 0.24 0.21 0.32 0.21 0.4 0.24 0.13 0.0 0.0 0.24 0.13 0.0 0.0
0.25 0.13 0.23 0.16 0.22 0.15 0.19 0.11 0.17 0.1 0.24 0.17 0.0 0.0 0.0 0.0 0.2 0.24 0.2 0.32 0.21 0.41 0.21 0.24 0.21 0.32 0.21 0.4 0.24 0.13 0.0 0.0 0.24 0.13 0.0 0.0
0.25 0.13 0.23 0.16 0.22 0.15 0.19 0.11 0.17 0.1 0.24 0.17 0.0 0.0 0.0 0.0 0.2 0.24 0.21 0.32 0.21 0.41 0.21 0.25 0.21 0.32 0.21 0.4 0.24 0.13 0.0 0.0 0.24 0.13 0.0 0.0
0.25 0.13 0.23 0.16 0.22 0.14 0.2 0.11 0.17 0.1 0.24 0.17 0.0 0.0 0.0 0.0 0.2 0.24 0.21 0.32 0.21 0.41 0.21 0.24 0.2 0.32 0.21 0.4 0.25 0.12 0.0 0.0 0.24 0.13 0.0 0.0
0.25 0.13 0.23 0.16 0.22 0.14 0.19 0.1 0.17 0.09 0.24 0.17 0.0 0.0 0.0 0.0 0.2 0.24 0.21 0.33 0.21 0.41 0.21 0.24 0.21 0.32 0.21 0.4 0.25 0.12 0.25 0.12 0.24 0.13 0.0 0.0
0.25 0.13 0.23 0.15 0.22 0.14 0.19 0.1 0.18 0.09 0.24 0.17 0.0 0.0 0.0 0.0 0.2 0.24 0.21 0.33 0.21 0.41 0.21 0.24 0.21 0.33 0.21 0.4 0.24 0.12 0.26 0.12 0.24 0.13 0.0 0.0
0.25 0.13 0.23 0.15 0.22 0.14 0.19 0.1 0.17 0.09 0.24 0.17 0.0 0.0 0.0 0.0 0.2 0.24 0.21 0.33 0.21 0.41 0.21 0.24 0.21 0.32 0.21 0.4 0.24 0.12 0.26 0.12 0.24 0.13 0.0 0.0
0.25 0.13 0.24 0.16 0.23 0.15 0.2 0.11 0.18 0.1 0.24 0.17 0.0 0.0 0.0 0.0 0.2 0.24 0.21 0.33 0.21 0.41 0.21 0.24 0.21 0.32 0.21 0.4 0.25 0.12 0.26 0.12 0.24 0.13 0.0 0.0
0.25 0.12 0.23 0.15 0.23 0.14 0.2 0.1 0.18 0.1 0.24 0.16 0.0 0.0 0.0 0.0 0.2 0.24 0.21 0.33 0.21 0.41 0.21 0.24 0.21 0.32 0.21 0.4 0.25 0.12 0.26 0.12 0.24 0.12 0.0 0.0
0.25 0.12 0.23 0.15 0.23 0.14 0.2 0.11 0.18 0.1 0.24 0.16 0.0 0.0 0.0 0.0 0.2 0.24 0.21 0.32 0.21 0.41 0.21 0.24 0.21 0.32 0.21 0.4 0.25 0.12 0.26 0.12 0.24 0.12 0.0 0.0
0.25 0.12 0.23 0.15 0.23 0.14 0.2 0.11 0.18 0.11 0.24 0.16 0.0 0.0 0.0 0.0 0.2 0.23 0.21 0.32 0.21 0.41 0.21 0.24 0.21 0.32 0.21 0.4 0.25 0.11 0.26 0.11 0.24 0.12 0.0 0.0
0.25 0.12 0.24 0.15 0.23 0.14 0.2 0.13 0.18 0.12 0.24 0.16 0.0 0.0 0.0 0.0 0.2 0.23 0.21 0.32 0.21 0.41 0.21 0.24 0.21 0.32 0.21 0.4 0.25 0.11 0.26 0.11 0.24 0.12 0.0 0.0
0.25 0.11 0.24 0.15 0.23 0.14 0.2 0.13 0.18 0.14 0.24 0.15 0.0 0.0 0.0 0.0 0.2 0.23 0.21 0.32 0.21 0.41 0.21 0.24 0.21 0.32 0.21 0.4 0.25 0.11 0.26 0.11 0.24 0.11 0.0 0.0
0.25 0.11 0.24 0.15 0.23 0.14 0.2 0.14 0.18 0.15 0.24 0.16 0.0 0.0 0.0 0.0 0.2 0.23 0.21 0.32 0.21 0.41 0.21 0.24 0.21 0.32 0.21 0.4 0.25 0.1 0.26 0.11 0.24 0.11 0.0 0.0
0.25 0.11 0.23 0.15 0.22 0.14 0.2 0.16 0.18 0.17 0.24 0.16 0.23 0.21 0.0 0.0 0.2 0.23 0.21 0.32 0.21 0.41 0.22 0.24 0.21 0.32 0.21 0.4 0.25 0.1 0.26 0.1 0.24 0.11 0.0 0.0
0.25 0.11 0.23 0.15 0.23 0.14 0.2 0.16 0.0 0.0 0.24 0.16 0.24 0.21 0.24 0.21 0.2 0.23 0.21 0.32 0.21 0.41 0.22 0.24 0.21 0.32 0.21 0.4 0.25 0.1 0.26 0.1 0.24 0.1 0.0 0.0
0.25 0.1 0.24 0.14 0.23 0.13 0.21 0.15 0.21 0.15 0.24 0.15 0.23 0.21 0.24 0.21 0.2 0.24 0.21 0.33 0.21 0.41 0.22 0.25 0.21 0.33 0.21 0.4 0.25 0.1 0.26 0.1 0.24 0.1 0.0 0.0
0.25 0.1 0.23 0.14 0.23 0.13 0.21 0.15 0.0 0.0 0.24 0.15 0.0 0.0 0.0 0.0 0.2 0.25 0.21 0.34 0.21 0.41 0.22 0.25 0.21 0.34 0.21 0.4 0.25 0.1 0.26 0.1 0.24 0.1 0.0 0.0
0.25 0.1 0.23 0.14 0.23 0.13 0.21 0.15 0.23 0.17 0.24 0.15 0.0 0.0 0.0 0.0 0.0 0.0 0.0 0.0 0.0 0.0 0.0 0.0 0.0 0.0 0.0 0.0 0.24 0.09 0.26 0.09 0.24 0.1 0.0 0.0 0.0 0.0 0.2 0.23 0.2 0.23 0.18 0.27 0.19 0.25 0.21 0.23 0.0 0.0 0.0 0.0 0.2 0.31 0.21 0.36 0.21 0.41 0.21 0.29 0.21 0.36 0.21 0.41 0.0 0.0 0.0 0.0 0.0 0.0 0.0 0.0
0.25 0.1 0.23 0.14 0.23 0.13 0.21 0.16 0.24 0.19 0.24 0.15 0.26 0.22 0.26 0.2 0.2 0.22 0.24 0.2 0.21 0.25 0.21 0.23 0.26 0.21 0.0 0.0 0.24 0.09 0.26 0.09 0.24 0.1 0.0 0.0
0.25 0.1 0.23 0.13 0.23 0.12 0.21 0.16 0.24 0.17 0.24 0.14 0.26 0.21 0.26 0.19 0.2 0.22 0.21 0.28 0.21 0.41 0.22 0.22 0.26 0.21 0.21 0.26 0.24 0.09 0.26 0.09 0.24 0.09 0.0 0.0
0.25 0.09 0.23 0.13 0.23 0.12 0.21 0.16 0.24 0.19 0.24 0.14 0.0 0.0 0.0 0.0 0.2 0.21 0.24 0.22 0.21 0.28 0.23 0.21 0.0 0.0 0.0 0.0 0.24 0.09 0.0 0.0 0.24 0.09 0.0 0.0
0.25 0.09 0.23 0.13 0.23 0.12 0.21 0.16 0.24 0.17 0.24 0.14 0.26 0.21 0.26 0.17 0.2 0.21 0.24 0.23 0.21 0.29 0.22 0.22 0.21 0.32 0.21 0.41 0.24 0.08 0.25 0.08 0.24 0.09 0.0 0.0
0.25 0.09 0.23 0.13 0.23 0.12 0.21 0.16 0.24 0.17 0.24 0.14 0.25 0.2 0.26 0.16 0.2 0.21 0.24 0.24 0.22 0.32 0.22 0.22 0.21 0.33 0.21 0.41 0.24 0.08 0.25 0.08 0.24 0.09 0.0 0.0
0.25 0.09 0.23 0.13 0.23 0.12 0.21 0.16 0.24 0.17 0.24 0.13 0.26 0.2 0.26 0.15 0.2 0.21 0.24 0.25 0.22 0.33 0.22 0.22 0.21 0.32 0.21 0.41 0.24 0.08 0.25 0.08 0.24 0.08 0.0 0.0
0.25 0.08 0.23 0.12 0.23 0.12 0.21 0.16 0.24 0.16 0.24 0.13 0.25 0.17 0.26 0.15 0.21 0.21 0.24 0.26 0.22 0.36 0.22 0.21 0.21 0.31 0.21 0.41 0.24 0.08 0.0 0.0 0.23 0.08 0.0 0.0
0.25 0.08 0.23 0.12 0.23 0.11 0.21 0.16 0.24 0.16 0.24 0.13 0.26 0.19 0.26 0.15 0.21 0.22 0.24 0.28 0.23 0.4 0.22 0.22 0.21 0.32 0.21 0.41 0.24 0.07 0.25 0.07 0.23 0.08 0.0 0.0
0.25 0.08 0.23 0.12 0.23 0.11 0.21 0.15 0.24 0.16 0.24 0.13 0.0 0.0 0.0 0.0 0.21 0.22 0.24 0.29 0.23 0.4 0.22 0.22 0.21 0.33 0.21 0.41 0.24 0.07 0.25 0.07 0.23 0.08 0.0 0.0
0.25 0.08 0.23 0.12 0.23 0.11 0.21 0.15 0.24 0.16 0.24 0.12 0.25 0.17 0.25 0.14 0.21 0.22 0.23 0.31 0.23 0.41 0.23 0.22 0.21 0.32 0.21 0.41 0.24 0.07 0.25 0.07 0.23 0.08 0.0 0.0
0.25 0.08 0.23 0.12 0.23 0.11 0.21 0.15 0.24 0.16 0.24 0.12 0.26 0.17 0.25 0.14 0.21 0.22 0.23 0.31 0.23 0.41 0.23 0.23 0.21 0.32 0.21 0.41 0.24 0.07 0.25 0.07 0.23 0.07 0.0 0.0
0.25 0.08 0.23 0.11 0.23 0.11 0.21 0.15 0.24 0.16 0.24 0.12 0.26 0.17 0.26 0.13 0.21 0.22 0.23 0.32 0.23 0.42 0.23 0.23 0.21 0.32 0.21 0.41 0.24 0.07 0.25 0.07 0.23 0.07 0.0 0.0
0.25 0.07 0.23 0.11 0.23 0.11 0.21 0.15 0.24 0.15 0.24 0.12 0.26 0.17 0.25 0.13 0.21 0.23 0.23 0.33 0.23 0.44 0.23 0.23 0.21 0.33 0.21 0.41 0.24 0.07 0.0 0.0 0.23 0.07 0.0 0.0
0.25 0.07 0.23 0.11 0.23 0.11 0.21 0.16 0.24 0.15 0.24 0.12 0.26 0.17 0.26 0.13 0.21 0.23 0.23 0.33 0.23 0.44 0.23 0.23 0.21 0.33 0.21 0.42 0.24 0.07 0.0 0.0 0.23 0.07 0.0 0.0
0.25 0.07 0.23 0.11 0.23 0.11 0.21 0.16 0.24 0.16 0.24 0.12 0.26 0.16 0.26 0.13 0.21 0.24 0.23 0.34 0.23 0.44 0.23 0.24 0.21 0.34 0.21 0.42 0.24 0.07 0.0 0.0 0.23 0.07 0.0 0.0
0.24 0.07 0.23 0.11 0.23 0.11 0.21 0.16 0.24 0.16 0.24 0.12 0.26 0.17 0.26 0.13 0.21 0.23 0.22 0.34 0.23 0.45 0.23 0.23 0.21 0.34 0.21 0.42 0.24 0.07 0.25 0.07 0.23 0.07 0.0 0.0
0.24 0.07 0.23 0.11 0.22 0.11 0.21 0.16 0.24 0.16 0.24 0.12 0.26 0.17 0.26 0.13 0.21 0.24 0.22 0.35 0.23 0.45 0.23 0.24 0.23 0.35 0.21 0.44 0.24 0.07 0.25 0.07 0.23 0.07 0.0 0.0
0.24 0.07 0.23 0.11 0.23 0.11 0.21 0.16 0.24 0.16 0.24 0.12 0.26 0.16 0.26 0.13 0.21 0.23 0.22 0.35 0.22 0.45 0.23 0.24 0.23 0.35 0.21 0.44 0.24 0.07 0.25 0.07 0.23 0.07 0.0 0.0
0.24 0.07 0.23 0.11 0.22 0.11 0.21 0.16 0.24 0.17 0.24 0.12 0.25 0.17 0.25 0.13 0.21 0.23 0.22 0.35 0.22 0.45 0.23 0.23 0.22 0.35 0.21 0.44 0.24 0.07 0.25 0.07 0.23 0.07 0.0 0.0
0.24 0.07 0.23 0.12 0.22 0.11 0.21 0.16 0.25 0.17 0.24 0.12 0.0 0.0 0.0 0.0 0.22 0.23 0.22 0.34 0.21 0.44 0.23 0.24 0.23 0.34 0.22 0.44 0.24 0.07 0.25 0.07 0.23 0.07 0.0 0.0
0.24 0.07 0.23 0.12 0.22 0.11 0.21 0.16 0.25 0.19 0.24 0.12 0.0 0.0 0.0 0.0 0.21 0.23 0.22 0.35 0.21 0.44 0.23 0.24 0.23 0.35 0.22 0.44 0.24 0.07 0.25 0.07 0.23 0.07 0.0 0.0
0.24 0.07 0.23 0.12 0.22 0.11 0.21 0.16 0.24 0.19 0.24 0.12 0.26 0.17 0.26 0.13 0.22 0.24 0.22 0.35 0.21 0.45 0.23 0.24 0.23 0.35 0.22 0.44 0.24 0.07 0.25 0.07 0.23 0.07 0.0 0.0
0.24 0.07 0.23 0.12 0.22 0.11 0.21 0.16 0.24 0.19 0.24 0.12 0.26 0.16 0.26 0.13 0.21 0.24 0.22 0.35 0.21 0.45 0.23 0.24 0.23 0.35 0.22 0.44 0.24 0.07 0.0 0.0 0.23 0.07 0.0 0.0
0.24 0.07 0.23 0.12 0.22 0.11 0.21 0.16 0.24 0.19 0.24 0.12 0.26 0.16 0.26 0.13 0.21 0.24 0.22 0.35 0.21 0.44 0.23 0.24 0.23 0.35 0.22 0.44 0.24 0.06 0.24 0.06 0.23 0.07 0.0 0.0
0.24 0.07 0.23 0.11 0.22 0.11 0.21 0.16 0.24 0.19 0.24 0.12 0.26 0.16 0.26 0.13 0.21 0.24 0.22 0.35 0.21 0.44 0.23 0.24 0.23 0.35 0.22 0.42 0.24 0.06 0.24 0.06 0.23 0.07 0.0 0.0
0.24 0.07 0.23 0.11 0.22 0.11 0.21 0.16 0.24 0.19 0.24 0.12 0.26 0.16 0.26 0.13 0.22 0.24 0.22 0.35 0.21 0.45 0.23 0.24 0.23 0.35 0.22 0.44 0.24 0.06 0.24 0.06 0.23 0.07 0.0 0.0
0.24 0.07 0.23 0.11 0.22 0.11 0.21 0.16 0.24 0.19 0.24 0.12 0.26 0.16 0.26 0.13 0.21 0.24 0.22 0.35 0.21 0.45 0.23 0.24 0.23 0.35 0.22 0.42 0.24 0.06 0.24 0.06 0.23 0.07 0.0 0.0
0.24 0.07 0.23 0.11 0.22 0.11 0.21 0.16 0.24 0.19 0.24 0.12 0.26 0.16 0.26 0.13 0.21 0.24 0.22 0.35 0.21 0.45 0.23 0.24 0.23 0.34 0.22 0.42 0.24 0.06 0.24 0.06 0.23 0.07 0.0 0.0
0.24 0.07 0.23 0.11 0.22 0.11 0.21 0.16 0.24 0.19 0.24 0.12 0.26 0.16 0.26 0.13 0.21 0.24 0.22 0.35 0.21 0.45 0.23 0.24 0.23 0.34 0.22 0.41 0.24 0.06 0.24 0.06 0.23 0.07 0.0 0.0
