0.16 0.1 0.13 0.14 0.15 0.13 0.19 0.19 0.22 0.23 0.12 0.14 0.0 0.0 0.0 0.0 0.17 0.26 0.0 0.0 0.0 0.0 0.14 0.27 0.17 0.36 0.2 0.45 0.15 0.09 0.0 0.0 0.15 0.09 0.0 0.0 0.36 0.13 0.38 0.16 0.37 0.17 0.35 0.23 0.35 0.26 0.4 0.16 0.4 0.22 0.38 0.2 0.37 0.28 0.35 0.34 0.35 0.44 0.4 0.28 0.43 0.34 0.46 0.42 0.0 0.0 0.36 0.13 0.0 0.0 0.38 0.13
0.36 0.14 0.38 0.17 0.37 0.17 0.36 0.23 0.35 0.26 0.41 0.16 0.41 0.22 0.38 0.2 0.38 0.29 0.35 0.35 0.37 0.44 0.41 0.29 0.43 0.35 0.46 0.42 0.0 0.0 0.37 0.13 0.0 0.0 0.38 0.13 0.16 0.1 0.14 0.14 0.15 0.14 0.18 0.19 0.22 0.23 0.12 0.15 0.0 0.0 0.0 0.0 0.17 0.25 0.0 0.0 0.0 0.0 0.15 0.27 0.18 0.36 0.2 0.45 0.16 0.09 0.0 0.0 0.15 0.1 0.0 0.0
0.37 0.14 0.39 0.17 0.37 0.17 0.36 0.23 0.35 0.26 0.41 0.17 0.41 0.23 0.38 0.2 0.38 0.29 0.35 0.35 0.38 0.44 0.41 0.29 0.44 0.36 0.46 0.42 0.0 0.0 0.37 0.13 0.0 0.0 0.38 0.13 0.16 0.1 0.14 0.15 0.16 0.14 0.19 0.19 0.22 0.22 0.12 0.15 0.0 0.0 0.0 0.0 0.18 0.26 0.0 0.0 0.0 0.0 0.15 0.28 0.18 0.37 0.2 0.46 0.16 0.1 0.0 0.0 0.15 0.1 0.0 0.0
0.17 0.11 0.14 0.15 0.16 0.15 0.19 0.2 0.21 0.22 0.13 0.15 0.0 0.0 0.0 0.0 0.18 0.26 0.18 0.36 0.0 0.0 0.16 0.28 0.18 0.37 0.2 0.46 0.16 0.1 0.0 0.0 0.15 0.11 0.0 0.0 0.37 0.14 0.39 0.17 0.37 0.19 0.36 0.22 0.35 0.26 0.41 0.17 0.42 0.23 0.38 0.21 0.38 0.31 0.36 0.36 0.38 0.42 0.41 0.31 0.44 0.36 0.46 0.42 0.0 0.0 0.37 0.13 0.0 0.0 0.38 0.14
0.17 0.11 0.14 0.15 0.16 0.15 0.2 0.2 0.22 0.23 0.13 0.16 0.0 0.0 0.0 0.0 0.18 0.26 0.18 0.36 0.0 0.0 0.16 0.28 0.18 0.36 0.19 0.46 0.16 0.1 0.0 0.0 0.15 0.11 0.0 0.0 0.37 0.14 0.39 0.17 0.37 0.19 0.36 0.22 0.35 0.25 0.41 0.17 0.42 0.23 0.38 0.22 0.38 0.31 0.37 0.37 0.38 0.42 0.41 0.29 0.43 0.35 0.46 0.42 0.0 0.0 0.37 0.14 0.0 0.0 0.38 0.14
0.37 0.14 0.39 0.19 0.37 0.19 0.36 0.22 0.35 0.25 0.41 0.17 0.42 0.23 0.38 0.23 0.38 0.31 0.37 0.37 0.38 0.42 0.41 0.29 0.44 0.36 0.46 0.42 0.0 0.0 0.37 0.14 0.0 0.0 0.38 0.14 0.17 0.11 0.15 0.15 0.16 0.15 0.19 0.2 0.21 0.22 0.13 0.16 0.0 0.0 0.0 0.0 0.18 0.26 0.18 0.36 0.19 0.45 0.16 0.28 0.18 0.36 0.19 0.45 0.17 0.1 0.0 0.0 0.15 0.11 0.0 0.0
0.37 0.14 0.39 0.19 0.37 0.19 0.36 0.22 0.35 0.24 0.41 0.17 0.43 0.23 0.4 0.24 0.38 0.31 0.37 0.37 0.38 0.42 0.41 0.29 0.43 0.36 0.46 0.44 0.0 0.0 0.37 0.14 0.0 0.0 0.38 0.14 0.17 0.11 0.15 0.15 0.16 0.14 0.2 0.21 0.0 0.0 0.13 0.16 0.13 0.21 0.0 0.0 0.18 0.26 0.0 0.0 0.0 0.0 0.17 0.28 0.18 0.36 0.19 0.46 0.17 0.1 0.0 0.0 0.15 0.11 0.0 0.0
0.17 0.11 0.15 0.15 0.17 0.14 0.2 0.2 0.21 0.23 0.13 0.16 0.13 0.22 0.0 0.0 0.18 0.26 0.18 0.36 0.0 0.0 0.16 0.27 0.18 0.37 0.19 0.46 0.17 0.1 0.0 0.0 0.15 0.11 0.0 0.0 0.37 0.14 0.39 0.17 0.37 0.17 0.36 0.22 0.35 0.24 0.41 0.17 0.43 0.23 0.4 0.25 0.38 0.31 0.37 0.37 0.38 0.44 0.41 0.29 0.43 0.36 0.46 0.44 0.0 0.0 0.37 0.13 0.0 0.0 0.38 0.14
0.37 0.14 0.39 0.17 0.37 0.17 0.35 0.23 0.36 0.23 0.41 0.17 0.43 0.22 0.43 0.25 0.37 0.29 0.37 0.36 0.37 0.42 0.41 0.28 0.43 0.35 0.45 0.42 0.0 0.0 0.37 0.13 0.0 0.0 0.38 0.13 0.17 0.11 0.15 0.15 0.17 0.14 0.2 0.2 0.22 0.24 0.13 0.15 0.13 0.22 0.0 0.0 0.19 0.26 0.24 0.25 0.27 0.32 0.17 0.27 0.18 0.37 0.18 0.46 0.17 0.1 0.0 0.0 0.15 0.1 0.0 0.0
0.37 0.13 0.38 0.17 0.37 0.17 0.35 0.23 0.37 0.22 0.41 0.17 0.43 0.22 0.43 0.25 0.37 0.29 0.37 0.36 0.37 0.44 0.4 0.28 0.43 0.36 0.45 0.44 0.0 0.0 0.37 0.13 0.0 0.0 0.39 0.13 0.17 0.11 0.15 0.15 0.17 0.14 0.2 0.2 0.23 0.24 0.13 0.16 0.13 0.22 0.0 0.0 0.19 0.26 0.24 0.25 0.27 0.32 0.16 0.27 0.17 0.37 0.18 0.46 0.17 0.1 0.0 0.0 0.16 0.1 0.0 0.0
0.17 0.11 0.15 0.15 0.17 0.14 0.2 0.2 0.22 0.24 0.13 0.15 0.13 0.22 0.0 0.0 0.19 0.26 0.24 0.26 0.27 0.33 0.16 0.27 0.17 0.36 0.18 0.46 0.17 0.1 0.0 0.0 0.16 0.1 0.0 0.0 0.37 0.13 0.38 0.16 0.37 0.17 0.35 0.23 0.37 0.22 0.41 0.16 0.42 0.21 0.43 0.25 0.37 0.29 0.37 0.36 0.37 0.44 0.4 0.28 0.43 0.35 0.45 0.42 0.37 0.12 0.37 0.12 0.0 0.0 0.39 0.13
0.17 0.11 0.15 0.15 0.17 0.14 0.2 0.2 0.23 0.24 0.13 0.16 0.13 0.22 0.0 0.0 0.19 0.25 0.24 0.26 0.26 0.34 0.16 0.27 0.17 0.36 0.18 0.46 0.17 0.1 0.0 0.0 0.16 0.1 0.0 0.0 0.37 0.13 0.38 0.16 0.37 0.16 0.35 0.23 0.37 0.22 0.41 0.16 0.42 0.21 0.43 0.25 0.37 0.28 0.37 0.36 0.37 0.44 0.4 0.28 0.43 0.35 0.45 0.42 0.37 0.12 0.38 0.12 0.0 0.0 0.39 0.12
0.38 0.12 0.38 0.16 0.37 0.16 0.35 0.23 0.38 0.22 0.4 0.16 0.42 0.21 0.43 0.24 0.37 0.28 0.37 0.36 0.37 0.44 0.4 0.28 0.43 0.35 0.45 0.42 0.37 0.12 0.38 0.12 0.0 0.0 0.39 0.12 0.17 0.11 0.15 0.15 0.17 0.14 0.2 0.19 0.22 0.24 0.13 0.16 0.13 0.22 0.0 0.0 0.19 0.25 0.24 0.27 0.27 0.37 0.16 0.27 0.17 0.36 0.18 0.46 0.17 0.1 0.0 0.0 0.16 0.1 0.0 0.0
0.38 0.12 0.38 0.16 0.37 0.16 0.35 0.23 0.38 0.22 0.41 0.16 0.42 0.22 0.43 0.23 0.37 0.28 0.37 0.36 0.37 0.44 0.4 0.27 0.43 0.35 0.45 0.42 0.38 0.11 0.38 0.11 0.37 0.12 0.4 0.11 0.17 0.11 0.15 0.15 0.17 0.14 0.2 0.19 0.22 0.24 0.13 0.16 0.13 0.23 0.0 0.0 0.19 0.25 0.24 0.28 0.26 0.37 0.17 0.27 0.17 0.36 0.18 0.46 0.17 0.1 0.0 0.0 0.16 0.1 0.0 0.0
0.17 0.1 0.15 0.15 0.17 0.14 0.2 0.19 0.21 0.24 0.13 0.15 0.13 0.22 0.0 0.0 0.19 0.25 0.24 0.29 0.26 0.39 0.17 0.27 0.17 0.36 0.18 0.46 0.17 0.1 0.0 0.0 0.16 0.1 0.0 0.0 0.38 0.12 0.38 0.15 0.37 0.15 0.35 0.22 0.38 0.22 0.4 0.15 0.42 0.21 0.43 0.23 0.37 0.27 0.37 0.36 0.37 0.44 0.4 0.27 0.42 0.34 0.45 0.42 0.38 0.11 0.38 0.11 0.37 0.11 0.4 0.11
0.17 0.1 0.15 0.15 0.17 0.14 0.2 0.19 0.21 0.24 0.13 0.15 0.13 0.22 0.0 0.0 0.19 0.25 0.24 0.29 0.26 0.4 0.17 0.27 0.17 0.36 0.18 0.46 0.17 0.1 0.0 0.0 0.16 0.1 0.0 0.0 0.39 0.11 0.38 0.15 0.37 0.15 0.36 0.22 0.39 0.22 0.4 0.15 0.42 0.21 0.43 0.22 0.37 0.27 0.38 0.36 0.37 0.42 0.4 0.27 0.42 0.34 0.45 0.42 0.38 0.11 0.39 0.1 0.38 0.11 0.4 0.1
0.17 0.1 0.15 0.14 0.17 0.14 0.2 0.19 0.21 0.24 0.13 0.15 0.13 0.22 0.0 0.0 0.19 0.25 0.24 0.31 0.25 0.39 0.17 0.27 0.17 0.36 0.18 0.46 0.17 0.1 0.0 0.0 0.16 0.1 0.0 0.0 0.4 0.11 0.38 0.15 0.37 0.16 0.36 0.22 0.4 0.23 0.4 0.15 0.42 0.2 0.42 0.21 0.37 0.27 0.38 0.36 0.37 0.44 0.4 0.27 0.42 0.34 0.44 0.42 0.39 0.1 0.4 0.1 0.38 0.11 0.0 0.0
0.17 0.1 0.15 0.14 0.18 0.14 0.2 0.19 0.21 0.24 0.13 0.15 0.13 0.22 0.0 0.0 0.2 0.25 0.24 0.33 0.25 0.4 0.17 0.26 0.17 0.36 0.18 0.46 0.17 0.1 0.0 0.0 0.17 0.1 0.0 0.0 0.4 0.1 0.38 0.15 0.37 0.15 0.37 0.22 0.4 0.23 0.4 0.15 0.4 0.21 0.42 0.2 0.37 0.26 0.38 0.36 0.36 0.42 0.39 0.26 0.42 0.35 0.44 0.42 0.4 0.1 0.0 0.0 0.38 0.11 0.0 0.0
0.18 0.1 0.16 0.14 0.18 0.14 0.2 0.19 0.21 0.24 0.13 0.15 0.13 0.22 0.0 0.0 0.2 0.25 0.24 0.34 0.24 0.41 0.17 0.27 0.17 0.36 0.18 0.46 0.17 0.1 0.0 0.0 0.17 0.1 0.0 0.0 0.4 0.1 0.38 0.15 0.37 0.15 0.37 0.22 0.4 0.23 0.4 0.15 0.39 0.21 0.42 0.19 0.37 0.26 0.38 0.36 0.36 0.42 0.39 0.26 0.42 0.35 0.43 0.42 0.4 0.09 0.0 0.0 0.38 0.1 0.0 0.0
0.18 0.1 0.16 0.14 0.18 0.14 0.2 0.19 0.22 0.24 0.13 0.15 0.13 0.22 0.0 0.0 0.2 0.25 0.24 0.34 0.24 0.42 0.17 0.27 0.17 0.36 0.18 0.46 0.17 0.1 0.0 0.0 0.17 0.1 0.0 0.0 0.4 0.1 0.38 0.15 0.37 0.15 0.37 0.22 0.4 0.23 0.39 0.14 0.39 0.21 0.41 0.19 0.37 0.26 0.38 0.36 0.36 0.42 0.38 0.26 0.41 0.35 0.43 0.42 0.4 0.09 0.0 0.0 0.39 0.1 0.0 0.0
0.18 0.1 0.16 0.14 0.18 0.14 0.2 0.2 0.22 0.24 0.14 0.15 0.13 0.22 0.0 0.0 0.2 0.25 0.24 0.35 0.24 0.44 0.17 0.27 0.17 0.36 0.18 0.46 0.18 0.1 0.0 0.0 0.17 0.1 0.0 0.0 0.4 0.1 0.38 0.15 0.38 0.15 0.37 0.22 0.4 0.23 0.38 0.14 0.0 0.0 0.0 0.0 0.37 0.26 0.38 0.35 0.36 0.42 0.38 0.26 0.41 0.34 0.43 0.41 0.4 0.09 0.0 0.0 0.39 0.1 0.0 0.0
0.18 0.11 0.16 0.15 0.18 0.14 0.2 0.19 0.22 0.25 0.14 0.15 0.13 0.22 0.0 0.0 0.2 0.25 0.23 0.35 0.24 0.45 0.17 0.27 0.17 0.36 0.18 0.46 0.18 0.1 0.0 0.0 0.17 0.1 0.0 0.0 0.0 0.0 0.38 0.14 0.38 0.15 0.38 0.22 0.4 0.24 0.38 0.13 0.39 0.17 0.41 0.17 0.37 0.26 0.38 0.36 0.35 0.42 0.37 0.26 0.38 0.35 0.36 0.42 0.4 0.09 0.0 0.0 0.4 0.1 0.0 0.0
0.18 0.1 0.17 0.15 0.18 0.14 0.2 0.2 0.22 0.25 0.14 0.15 0.14 0.22 0.0 0.0 0.2 0.25 0.23 0.34 0.24 0.45 0.17 0.27 0.17 0.36 0.18 0.46 0.18 0.1 0.0 0.0 0.17 0.1 0.0 0.0 0.0 0.0 0.38 0.13 0.38 0.14 0.38 0.22 0.4 0.24 0.37 0.13 0.0 0.0 0.0 0.0 0.38 0.26 0.38 0.36 0.35 0.42 0.36 0.26 0.4 0.34 0.42 0.4 0.0 0.0 0.0 0.0 0.4 0.09 0.38 0.09
0.18 0.1 0.17 0.15 0.18 0.14 0.21 0.2 0.23 0.25 0.15 0.15 0.14 0.22 0.0 0.0 0.2 0.26 0.23 0.35 0.24 0.45 0.17 0.27 0.17 0.37 0.18 0.46 0.18 0.1 0.0 0.0 0.17 0.1 0.0 0.0 0.0 0.0 0.38 0.14 0.39 0.14 0.39 0.22 0.4 0.25 0.36 0.13 0.0 0.0 0.0 0.0 0.37 0.25 0.38 0.35 0.35 0.42 0.35 0.25 0.4 0.34 0.42 0.4 0.0 0.0 0.0 0.0 0.4 0.09 0.38 0.09
0.18 0.11 0.17 0.15 0.19 0.14 0.21 0.2 0.23 0.25 0.15 0.16 0.14 0.22 0.0 0.0 0.2 0.26 0.23 0.35 0.24 0.45 0.17 0.27 0.17 0.37 0.18 0.46 0.18 0.1 0.0 0.0 0.17 0.1 0.0 0.0 0.0 0.0 0.37 0.14 0.39 0.14 0.38 0.22 0.4 0.25 0.36 0.13 0.0 0.0 0.0 0.0 0.37 0.27 0.38 0.36 0.35 0.42 0.35 0.26 0.39 0.35 0.42 0.4 0.0 0.0 0.0 0.0 0.4 0.09 0.38 0.09
0.18 0.11 0.17 0.15 0.19 0.14 0.21 0.21 0.23 0.26 0.15 0.16 0.14 0.22 0.0 0.0 0.2 0.26 0.23 0.35 0.24 0.45 0.17 0.27 0.17 0.37 0.18 0.46 0.18 0.1 0.0 0.0 0.18 0.1 0.0 0.0 0.0 0.0 0.37 0.13 0.4 0.14 0.39 0.22 0.4 0.25 0.35 0.13 0.0 0.0 0.0 0.0 0.38 0.26 0.38 0.35 0.36 0.42 0.35 0.25 0.38 0.35 0.41 0.4 0.0 0.0 0.0 0.0 0.4 0.09 0.38 0.09
0.18 0.11 0.17 0.15 0.19 0.14 0.21 0.21 0.23 0.26 0.15 0.16 0.14 0.22 0.0 0.0 0.21 0.26 0.23 0.35 0.23 0.45 0.17 0.27 0.17 0.36 0.18 0.46 0.18 0.1 0.0 0.0 0.18 0.1 0.0 0.0 0.0 0.0 0.37 0.13 0.4 0.14 0.4 0.21 0.0 0.0 0.35 0.13 0.0 0.0 0.0 0.0 0.37 0.25 0.38 0.35 0.36 0.42 0.35 0.25 0.38 0.35 0.4 0.39 0.0 0.0 0.0 0.0 0.4 0.09 0.38 0.09
0.19 0.11 0.17 0.15 0.2 0.14 0.22 0.21 0.23 0.27 0.15 0.16 0.15 0.22 0.0 0.0 0.21 0.27 0.23 0.35 0.23 0.45 0.18 0.28 0.17 0.37 0.17 0.46 0.18 0.1 0.0 0.0 0.18 0.11 0.0 0.0 0.0 0.0 0.38 0.13 0.4 0.14 0.41 0.2 0.4 0.23 0.35 0.13 0.0 0.0 0.0 0.0 0.38 0.25 0.38 0.35 0.37 0.42 0.35 0.25 0.38 0.35 0.37 0.42 0.0 0.0 0.0 0.0 0.4 0.09 0.38 0.09
0.0 0.0 0.38 0.13 0.4 0.14 0.41 0.2 0.39 0.23 0.35 0.12 0.0 0.0 0.0 0.0 0.38 0.25 0.38 0.35 0.37 0.42 0.35 0.25 0.38 0.35 0.38 0.41 0.0 0.0 0.0 0.0 0.4 0.09 0.38 0.09 0.19 0.11 0.17 0.15 0.2 0.14 0.22 0.21 0.23 0.27 0.15 0.16 0.15 0.22 0.0 0.0 0.21 0.27 0.23 0.35 0.23 0.45 0.18 0.28 0.17 0.37 0.17 0.46 0.19 0.1 0.0 0.0 0.18 0.11 0.0 0.0
0.0 0.0 0.37 0.13 0.4 0.14 0.41 0.2 0.39 0.23 0.35 0.12 0.34 0.19 0.0 0.0 0.38 0.25 0.38 0.34 0.38 0.42 0.35 0.25 0.37 0.34 0.38 0.41 0.0 0.0 0.0 0.0 0.4 0.09 0.38 0.09 0.19 0.11 0.18 0.15 0.2 0.14 0.22 0.21 0.23 0.27 0.15 0.16 0.15 0.23 0.0 0.0 0.21 0.27 0.23 0.34 0.23 0.45 0.18 0.28 0.17 0.37 0.17 0.45 0.19 0.1 0.0 0.0 0.18 0.11 0.0 0.0
0.0 0.0 0.38 0.13 0.4 0.14 0.42 0.2 0.39 0.23 0.35 0.12 0.0 0.0 0.0 0.0 0.38 0.25 0.38 0.34 0.38 0.44 0.35 0.25 0.36 0.34 0.37 0.4 0.0 0.0 0.0 0.0 0.4 0.09 0.38 0.09 0.19 0.11 0.18 0.15 0.2 0.14 0.22 0.22 0.23 0.27 0.16 0.16 0.15 0.23 0.0 0.0 0.21 0.27 0.23 0.34 0.23 0.45 0.18 0.28 0.17 0.37 0.17 0.45 0.19 0.1 0.0 0.0 0.18 0.11 0.0 0.0
