0.32 0.12 0.35 0.14 0.37 0.14 0.0 0.0 0.0 0.0 0.32 0.15 0.32 0.22 0.31 0.24 0.37 0.26 0.4 0.33 0.42 0.42 0.34 0.26 0.31 0.34 0.29 0.41 0.0 0.0 0.32 0.11 0.0 0.0 0.33 0.11 0.15 0.1 0.13 0.13 0.12 0.13 0.1 0.19 0.12 0.21 0.16 0.13 0.18 0.17 0.17 0.16 0.15 0.25 0.17 0.33 0.18 0.4 0.17 0.23 0.0 0.0 0.0 0.0 0.15 0.09 0.15 0.09 0.13 0.1 0.0 0.0
0.15 0.1 0.14 0.14 0.12 0.14 0.11 0.2 0.12 0.22 0.16 0.14 0.18 0.17 0.17 0.16 0.15 0.25 0.17 0.33 0.18 0.4 0.17 0.24 0.18 0.32 0.0 0.0 0.15 0.1 0.0 0.0 0.13 0.1 0.0 0.0 0.32 0.12 0.35 0.14 0.37 0.14 0.0 0.0 0.0 0.0 0.33 0.15 0.32 0.22 0.31 0.24 0.37 0.26 0.4 0.33 0.42 0.41 0.35 0.26 0.31 0.34 0.29 0.42 0.0 0.0 0.32 0.11 0.0 0.0 0.33 0.11
0.32 0.12 0.35 0.14 0.37 0.14 0.0 0.0 0.0 0.0 0.34 0.15 0.33 0.22 0.32 0.24 0.38 0.26 0.4 0.34 0.43 0.41 0.35 0.26 0.31 0.35 0.29 0.44 0.0 0.0 0.32 0.11 0.0 0.0 0.34 0.11 0.16 0.11 0.14 0.14 0.12 0.14 0.11 0.2 0.13 0.22 0.16 0.14 0.18 0.19 0.17 0.16 0.15 0.25 0.17 0.33 0.18 0.4 0.17 0.24 0.19 0.32 0.0 0.0 0.15 0.1 0.15 0.1 0.14 0.11 0.0 0.0
0.16 0.11 0.14 0.15 0.12 0.15 0.11 0.21 0.13 0.23 0.17 0.15 0.19 0.2 0.0 0.0 0.15 0.25 0.17 0.33 0.18 0.4 0.18 0.24 0.23 0.23 0.0 0.0 0.15 0.1 0.16 0.1 0.14 0.11 0.0 0.0 0.32 0.12 0.35 0.14 0.37 0.14 0.0 0.0 0.0 0.0 0.34 0.15 0.34 0.22 0.32 0.25 0.38 0.26 0.4 0.34 0.43 0.41 0.35 0.26 0.31 0.33 0.31 0.42 0.0 0.0 0.33 0.11 0.0 0.0 0.34 0.11
0.16 0.11 0.15 0.15 0.12 0.15 0.12 0.21 0.13 0.23 0.17 0.15 0.18 0.2 0.27 0.21 0.15 0.25 0.17 0.34 0.18 0.41 0.18 0.24 0.23 0.22 0.0 0.0 0.15 0.11 0.0 0.0 0.14 0.11 0.0 0.0 0.33 0.12 0.36 0.15 0.37 0.14 0.0 0.0 0.0 0.0 0.34 0.15 0.34 0.22 0.33 0.25 0.38 0.26 0.41 0.35 0.44 0.42 0.36 0.26 0.32 0.33 0.32 0.41 0.0 0.0 0.33 0.11 0.0 0.0 0.34 0.11
0.16 0.11 0.15 0.15 0.13 0.15 0.12 0.21 0.13 0.22 0.17 0.15 0.19 0.2 0.0 0.0 0.15 0.25 0.17 0.33 0.18 0.4 0.17 0.25 0.18 0.33 0.18 0.4 0.16 0.11 0.0 0.0 0.14 0.11 0.0 0.0 0.34 0.13 0.36 0.15 0.38 0.15 0.0 0.0 0.0 0.0 0.35 0.15 0.34 0.22 0.34 0.25 0.39 0.26 0.42 0.36 0.45 0.42 0.37 0.27 0.32 0.33 0.34 0.41 0.0 0.0 0.34 0.12 0.0 0.0 0.35 0.12
0.16 0.11 0.15 0.15 0.13 0.15 0.12 0.21 0.14 0.22 0.17 0.14 0.19 0.19 0.0 0.0 0.15 0.25 0.17 0.33 0.18 0.4 0.18 0.24 0.18 0.32 0.18 0.4 0.16 0.11 0.0 0.0 0.14 0.11 0.0 0.0 0.34 0.13 0.36 0.15 0.38 0.15 0.0 0.0 0.0 0.0 0.35 0.16 0.35 0.22 0.34 0.25 0.39 0.26 0.42 0.36 0.45 0.42 0.37 0.27 0.32 0.33 0.34 0.4 0.0 0.0 0.34 0.12 0.0 0.0 0.35 0.12
0.16 0.11 0.15 0.15 0.13 0.15 0.12 0.22 0.14 0.23 0.17 0.14 0.19 0.19 0.18 0.16 0.17 0.25 0.17 0.34 0.18 0.4 0.19 0.23 0.24 0.24 0.0 0.0 0.16 0.11 0.0 0.0 0.14 0.11 0.0 0.0 0.34 0.13 0.37 0.16 0.38 0.15 0.0 0.0 0.0 0.0 0.35 0.16 0.35 0.23 0.34 0.26 0.4 0.27 0.42 0.36 0.45 0.42 0.37 0.27 0.33 0.34 0.35 0.41 0.0 0.0 0.34 0.12 0.0 0.0 0.35 0.13
0.16 0.11 0.15 0.15 0.13 0.15 0.12 0.22 0.14 0.22 0.17 0.14 0.19 0.19 0.0 0.0 0.17 0.25 0.17 0.34 0.18 0.4 0.2 0.23 0.23 0.23 0.27 0.27 0.16 0.11 0.16 0.1 0.14 0.11 0.0 0.0 0.34 0.13 0.37 0.16 0.38 0.15 0.0 0.0 0.0 0.0 0.35 0.17 0.35 0.23 0.34 0.26 0.4 0.27 0.42 0.37 0.0 0.0 0.37 0.28 0.34 0.35 0.36 0.41 0.0 0.0 0.34 0.13 0.0 0.0 0.35 0.13
0.17 0.11 0.15 0.15 0.13 0.15 0.12 0.22 0.14 0.22 0.17 0.14 0.19 0.19 0.2 0.21 0.17 0.25 0.17 0.33 0.18 0.41 0.19 0.23 0.23 0.24 0.26 0.29 0.16 0.1 0.16 0.1 0.15 0.11 0.0 0.0 0.34 0.14 0.37 0.16 0.38 0.16 0.0 0.0 0.0 0.0 0.35 0.17 0.35 0.23 0.34 0.26 0.4 0.28 0.42 0.36 0.45 0.42 0.37 0.28 0.34 0.35 0.36 0.41 0.0 0.0 0.34 0.13 0.0 0.0 0.35 0.13
0.34 0.14 0.37 0.16 0.38 0.16 0.0 0.0 0.0 0.0 0.35 0.17 0.35 0.23 0.34 0.26 0.4 0.28 0.42 0.36 0.45 0.41 0.38 0.28 0.34 0.36 0.36 0.41 0.0 0.0 0.35 0.13 0.0 0.0 0.35 0.13 0.17 0.11 0.15 0.14 0.13 0.15 0.12 0.22 0.14 0.22 0.17 0.14 0.19 0.19 0.2 0.22 0.17 0.25 0.17 0.33 0.18 0.41 0.19 0.23 0.23 0.25 0.26 0.33 0.16 0.1 0.16 0.1 0.15 0.11 0.0 0.0
0.34 0.14 0.37 0.16 0.38 0.16 0.0 0.0 0.0 0.0 0.36 0.17 0.35 0.23 0.34 0.26 0.4 0.28 0.42 0.36 0.45 0.42 0.38 0.28 0.34 0.35 0.36 0.42 0.0 0.0 0.35 0.13 0.0 0.0 0.36 0.13 0.17 0.11 0.15 0.14 0.13 0.15 0.12 0.22 0.14 0.22 0.17 0.14 0.19 0.19 0.21 0.23 0.17 0.25 0.17 0.33 0.18 0.4 0.2 0.23 0.23 0.26 0.25 0.34 0.16 0.1 0.16 0.1 0.15 0.11 0.0 0.0
0.17 0.1 0.15 0.14 0.13 0.15 0.12 0.21 0.14 0.21 0.17 0.13 0.19 0.19 0.21 0.23 0.17 0.25 0.17 0.33 0.18 0.41 0.19 0.23 0.23 0.28 0.24 0.36 0.16 0.1 0.0 0.0 0.15 0.1 0.0 0.0 0.34 0.14 0.37 0.16 0.39 0.16 0.0 0.0 0.0 0.0 0.36 0.17 0.35 0.23 0.33 0.26 0.4 0.28 0.42 0.36 0.45 0.42 0.38 0.29 0.34 0.35 0.36 0.44 0.0 0.0 0.35 0.13 0.0 0.0 0.36 0.13
0.17 0.1 0.15 0.14 0.13 0.15 0.13 0.21 0.14 0.21 0.17 0.13 0.19 0.19 0.21 0.23 0.17 0.25 0.17 0.34 0.17 0.41 0.2 0.24 0.23 0.29 0.24 0.4 0.16 0.1 0.0 0.0 0.15 0.1 0.0 0.0 0.34 0.14 0.37 0.16 0.39 0.16 0.0 0.0 0.0 0.0 0.36 0.17 0.34 0.23 0.33 0.26 0.4 0.28 0.42 0.37 0.45 0.44 0.37 0.29 0.34 0.36 0.36 0.44 0.0 0.0 0.35 0.13 0.0 0.0 0.36 0.13
0.17 0.1 0.15 0.14 0.13 0.15 0.13 0.21 0.14 0.21 0.18 0.13 0.2 0.19 0.21 0.23 0.17 0.25 0.17 0.34 0.17 0.41 0.2 0.24 0.23 0.31 0.24 0.39 0.17 0.1 0.0 0.0 0.15 0.1 0.0 0.0 0.34 0.14 0.37 0.16 0.39 0.16 0.0 0.0 0.0 0.0 0.35 0.17 0.34 0.23 0.32 0.25 0.4 0.28 0.42 0.37 0.45 0.44 0.37 0.28 0.34 0.35 0.35 0.44 0.0 0.0 0.35 0.13 0.0 0.0 0.36 0.13
0.17 0.1 0.16 0.14 0.14 0.15 0.13 0.21 0.14 0.2 0.18 0.13 0.2 0.19 0.2 0.22 0.17 0.26 0.17 0.34 0.17 0.41 0.2 0.24 0.22 0.33 0.23 0.4 0.17 0.1 0.0 0.0 0.15 0.1 0.0 0.0 0.35 0.14 0.37 0.16 0.39 0.16 0.0 0.0 0.0 0.0 0.35 0.17 0.33 0.24 0.32 0.25 0.4 0.28 0.42 0.37 0.44 0.44 0.37 0.29 0.34 0.36 0.35 0.42 0.0 0.0 0.35 0.13 0.0 0.0 0.36 0.13
0.35 0.13 0.37 0.16 0.39 0.16 0.0 0.0 0.0 0.0 0.35 0.17 0.34 0.23 0.32 0.24 0.4 0.28 0.42 0.37 0.44 0.44 0.37 0.28 0.34 0.36 0.35 0.44 0.0 0.0 0.35 0.13 0.0 0.0 0.36 0.13 0.17 0.1 0.16 0.14 0.14 0.15 0.13 0.22 0.14 0.2 0.18 0.13 0.2 0.19 0.21 0.23 0.17 0.26 0.17 0.34 0.17 0.41 0.2 0.25 0.21 0.33 0.23 0.41 0.17 0.1 0.0 0.0 0.15 0.1 0.0 0.0
0.35 0.13 0.37 0.16 0.39 0.16 0.0 0.0 0.0 0.0 0.35 0.16 0.33 0.23 0.0 0.0 0.39 0.28 0.42 0.36 0.43 0.44 0.37 0.28 0.34 0.36 0.35 0.44 0.0 0.0 0.35 0.12 0.0 0.0 0.36 0.12 0.17 0.1 0.17 0.14 0.14 0.15 0.13 0.22 0.14 0.2 0.18 0.13 0.2 0.19 0.21 0.23 0.17 0.25 0.17 0.34 0.17 0.41 0.2 0.24 0.21 0.33 0.22 0.4 0.17 0.1 0.0 0.0 0.15 0.11 0.0 0.0
0.35 0.13 0.37 0.16 0.39 0.15 0.0 0.0 0.0 0.0 0.35 0.16 0.33 0.22 0.0 0.0 0.39 0.28 0.42 0.36 0.43 0.44 0.36 0.28 0.34 0.36 0.35 0.44 0.0 0.0 0.35 0.12 0.0 0.0 0.35 0.12 0.18 0.1 0.17 0.14 0.15 0.15 0.13 0.22 0.14 0.2 0.18 0.14 0.2 0.19 0.21 0.23 0.17 0.26 0.16 0.34 0.17 0.41 0.2 0.25 0.21 0.34 0.21 0.41 0.17 0.1 0.0 0.0 0.16 0.11 0.0 0.0
