0.16 0.13 0.14 0.17 0.16 0.17 0.18 0.23 0.2 0.23 0.12 0.17 0.0 0.0 0.0 0.0 0.15 0.29 0.17 0.37 0.18 0.46 0.13 0.29 0.13 0.37 0.12 0.45 0.16 0.12 0.0 0.0 0.15 0.13 0.0 0.0 0.0 0.0 0.0 0.0 0.0 0.0 0.0 0.0 0.0 0.0 0.33 0.14 0.29 0.17 0.26 0.14 0.0 0.0 0.0 0.0 0.0 0.0 0.0 0.0 0.0 0.0 0.0 0.0 0.0 0.0 0.31 0.1 0.0 0.0 0.32 0.1 0.31 0.1 0.33 0.14 0.0 0.0 0.0 0.0 0.0 0.0 0.0 0.0 0.0 0.0 0.0 0.0 0.32 0.26 0.32 0.36 0.32 0.45 0.32 0.26 0.32 0.36 0.33 0.46 0.0 0.0 0.0 0.0 0.0 0.0 0.0 0.0
0.16 0.13 0.14 0.17 0.16 0.17 0.18 0.22 0.2 0.23 0.12 0.17 0.0 0.0 0.0 0.0 0.16 0.29 0.17 0.37 0.18 0.46 0.13 0.29 0.13 0.37 0.12 0.46 0.16 0.12 0.0 0.0 0.15 0.13 0.0 0.0 0.0 0.0 0.0 0.0 0.0 0.0 0.0 0.0 0.0 0.0 0.33 0.14 0.29 0.17 0.26 0.14 0.0 0.0 0.0 0.0 0.0 0.0 0.0 0.0 0.0 0.0 0.0 0.0 0.0 0.0 0.31 0.1 0.0 0.0 0.32 0.1 0.31 0.1 0.33 0.14 0.0 0.0 0.0 0.0 0.0 0.0 0.0 0.0 0.0 0.0 0.0 0.0 0.32 0.26 0.32 0.36 0.32 0.45 0.32 0.26 0.32 0.36 0.33 0.46 0.0 0.0 0.0 0.0 0.0 0.0 0.0 0.0
0.16 0.13 0.14 0.17 0.16 0.17 0.18 0.22 0.2 0.22 0.12 0.17 0.0 0.0 0.0 0.0 0.16 0.29 0.17 0.37 0.18 0.46 0.13 0.29 0.13 0.37 0.12 0.45 0.16 0.12 0.0 0.0 0.15 0.13 0.0 0.0 0.0 0.0 0.0 0.0 0.0 0.0 0.0 0.0 0.0 0.0 0.33 0.14 0.29 0.17 0.26 0.14 0.0 0.0 0.0 0.0 0.0 0.0 0.0 0.0 0.0 0.0 0.0 0.0 0.0 0.0 0.31 0.1 0.0 0.0 0.32 0.1 0.31 0.1 0.33 0.14 0.0 0.0 0.0 0.0 0.0 0.0 0.0 0.0 0.0 0.0 0.0 0.0 0.32 0.26 0.32 0.36 0.32 0.45 0.32 0.26 0.32 0.36 0.33 0.46 0.0 0.0 0.0 0.0 0.0 0.0 0.0 0.0
0.16 0.13 0.14 0.17 0.16 0.16 0.18 0.22 0.2 0.22 0.12 0.17 0.0 0.0 0.0 0.0 0.16 0.28 0.17 0.37 0.18 0.46 0.13 0.28 0.13 0.37 0.12 0.45 0.16 0.12 0.0 0.0 0.15 0.13 0.0 0.0 0.0 0.0 0.0 0.0 0.0 0.0 0.0 0.0 0.0 0.0 0.33 0.14 0.29 0.17 0.26 0.14 0.0 0.0 0.0 0.0 0.0 0.0 0.0 0.0 0.0 0.0 0.0 0.0 0.0 0.0 0.31 0.1 0.0 0.0 0.32 0.1 0.31 0.1 0.33 0.14 0.0 0.0 0.0 0.0 0.0 0.0 0.0 0.0 0.0 0.0 0.0 0.0 0.32 0.26 0.32 0.36 0.32 0.45 0.32 0.26 0.32 0.36 0.33 0.46 0.0 0.0 0.0 0.0 0.0 0.0 0.0 0.0
0.16 0.13 0.14 0.17 0.16 0.16 0.18 0.22 0.2 0.22 0.12 0.17 0.0 0.0 0.0 0.0 0.16 0.28 0.17 0.37 0.18 0.46 0.13 0.28 0.13 0.37 0.12 0.45 0.16 0.12 0.0 0.0 0.15 0.13 0.0 0.0 0.0 0.0 0.0 0.0 0.0 0.0 0.0 0.0 0.0 0.0 0.33 0.14 0.29 0.17 0.26 0.14 0.0 0.0 0.0 0.0 0.0 0.0 0.0 0.0 0.0 0.0 0.0 0.0 0.0 0.0 0.31 0.1 0.0 0.0 0.32 0.1 0.31 0.1 0.33 0.14 0.0 0.0 0.0 0.0 0.0 0.0 0.0 0.0 0.0 0.0 0.0 0.0 0.32 0.26 0.32 0.36 0.32 0.45 0.32 0.26 0.32 0.36 0.33 0.46 0.0 0.0 0.0 0.0 0.0 0.0 0.0 0.0
0.16 0.13 0.14 0.17 0.16 0.16 0.18 0.22 0.2 0.22 0.12 0.17 0.0 0.0 0.0 0.0 0.16 0.28 0.17 0.36 0.18 0.46 0.13 0.28 0.13 0.37 0.12 0.45 0.16 0.12 0.0 0.0 0.15 0.13 0.0 0.0 0.0 0.0 0.0 0.0 0.0 0.0 0.0 0.0 0.0 0.0 0.33 0.14 0.29 0.17 0.26 0.14 0.0 0.0 0.0 0.0 0.0 0.0 0.0 0.0 0.0 0.0 0.0 0.0 0.0 0.0 0.31 0.1 0.0 0.0 0.32 0.1 0.31 0.1 0.33 0.14 0.0 0.0 0.0 0.0 0.0 0.0 0.0 0.0 0.0 0.0 0.0 0.0 0.32 0.26 0.32 0.36 0.32 0.45 0.32 0.26 0.32 0.36 0.33 0.46 0.0 0.0 0.0 0.0 0.0 0.0 0.0 0.0
0.16 0.12 0.14 0.17 0.16 0.16 0.18 0.22 0.2 0.22 0.12 0.17 0.0 0.0 0.0 0.0 0.16 0.28 0.17 0.36 0.18 0.46 0.13 0.28 0.13 0.37 0.12 0.45 0.15 0.12 0.0 0.0 0.15 0.13 0.0 0.0 0.0 0.0 0.0 0.0 0.0 0.0 0.0 0.0 0.0 0.0 0.33 0.14 0.29 0.17 0.26 0.14 0.0 0.0 0.0 0.0 0.0 0.0 0.0 0.0 0.0 0.0 0.0 0.0 0.0 0.0 0.31 0.1 0.0 0.0 0.32 0.1 0.31 0.1 0.33 0.14 0.0 0.0 0.0 0.0 0.0 0.0 0.0 0.0 0.0 0.0 0.0 0.0 0.32 0.26 0.32 0.36 0.32 0.45 0.32 0.26 0.32 0.36 0.33 0.46 0.0 0.0 0.0 0.0 0.0 0.0 0.0 0.0
0.16 0.12 0.14 0.17 0.15 0.16 0.18 0.22 0.2 0.22 0.12 0.17 0.0 0.0 0.0 0.0 0.16 0.28 0.17 0.36 0.18 0.46 0.13 0.28 0.13 0.37 0.12 0.45 0.15 0.12 0.0 0.0 0.15 0.13 0.0 0.0 0.0 0.0 0.0 0.0 0.0 0.0 0.0 0.0 0.0 0.0 0.33 0.14 0.29 0.17 0.26 0.14 0.0 0.0 0.0 0.0 0.0 0.0 0.0 0.0 0.0 0.0 0.0 0.0 0.0 0.0 0.31 0.1 0.0 0.0 0.32 0.1 0.31 0.1 0.33 0.14 0.0 0.0 0.0 0.0 0.0 0.0 0.0 0.0 0.0 0.0 0.0 0.0 0.32 0.26 0.32 0.36 0.32 0.45 0.32 0.26 0.32 0.36 0.33 0.46 0.0 0.0 0.0 0.0 0.0 0.0 0.0 0.0
0.16 0.12 0.14 0.17 0.15 0.16 0.18 0.22 0.2 0.22 0.12 0.17 0.0 0.0 0.0 0.0 0.16 0.28 0.17 0.36 0.18 0.46 0.13 0.28 0.13 0.37 0.12 0.45 0.15 0.12 0.0 0.0 0.15 0.13 0.0 0.0 0.0 0.0 0.0 0.0 0.0 0.0 0.0 0.0 0.0 0.0 0.33 0.14 0.29 0.17 0.26 0.14 0.0 0.0 0.0 0.0 0.0 0.0 0.0 0.0 0.0 0.0 0.0 0.0 0.0 0.0 0.31 0.1 0.0 0.0 0.32 0.1 0.31 0.1 0.33 0.14 0.0 0.0 0.0 0.0 0.0 0.0 0.0 0.0 0.0 0.0 0.0 0.0 0.32 0.26 0.32 0.36 0.32 0.45 0.32 0.26 0.32 0.36 0.33 0.46 0.0 0.0 0.0 0.0 0.0 0.0 0.0 0.0
0.16 0.12 0.14 0.17 0.15 0.16 0.18 0.22 0.2 0.22 0.12 0.17 0.0 0.0 0.0 0.0 0.16 0.28 0.17 0.36 0.18 0.46 0.13 0.28 0.13 0.37 0.12 0.45 0.15 0.12 0.0 0.0 0.15 0.13 0.0 0.0 0.0 0.0 0.0 0.0 0.0 0.0 0.0 0.0 0.0 0.0 0.33 0.14 0.29 0.17 0.26 0.14 0.0 0.0 0.0 0.0 0.0 0.0 0.0 0.0 0.0 0.0 0.0 0.0 0.0 0.0 0.31 0.1 0.0 0.0 0.32 0.1 0.31 0.1 0.33 0.14 0.0 0.0 0.0 0.0 0.0 0.0 0.0 0.0 0.0 0.0 0.0 0.0 0.32 0.26 0.32 0.36 0.32 0.45 0.32 0.26 0.32 0.36 0.33 0.46 0.0 0.0 0.0 0.0 0.0 0.0 0.0 0.0
0.16 0.12 0.14 0.17 0.15 0.16 0.18 0.22 0.2 0.21 0.12 0.17 0.0 0.0 0.0 0.0 0.16 0.28 0.17 0.36 0.18 0.46 0.13 0.28 0.13 0.37 0.12 0.46 0.15 0.12 0.0 0.0 0.15 0.13 0.0 0.0 0.0 0.0 0.0 0.0 0.0 0.0 0.0 0.0 0.0 0.0 0.33 0.14 0.29 0.17 0.26 0.14 0.0 0.0 0.0 0.0 0.0 0.0 0.0 0.0 0.0 0.0 0.0 0.0 0.0 0.0 0.31 0.1 0.0 0.0 0.32 0.1 0.31 0.1 0.33 0.14 0.0 0.0 0.0 0.0 0.0 0.0 0.0 0.0 0.0 0.0 0.0 0.0 0.32 0.26 0.32 0.36 0.32 0.45 0.32 0.26 0.32 0.36 0.33 0.46 0.0 0.0 0.0 0.0 0.0 0.0 0.0 0.0
0.16 0.12 0.13 0.17 0.15 0.16 0.18 0.21 0.2 0.21 0.12 0.17 0.0 0.0 0.0 0.0 0.16 0.28 0.17 0.37 0.18 0.46 0.13 0.28 0.13 0.37 0.12 0.46 0.15 0.12 0.0 0.0 0.14 0.13 0.0 0.0 0.0 0.0 0.0 0.0 0.0 0.0 0.0 0.0 0.0 0.0 0.33 0.14 0.29 0.17 0.26 0.14 0.0 0.0 0.0 0.0 0.0 0.0 0.0 0.0 0.0 0.0 0.0 0.0 0.0 0.0 0.31 0.1 0.0 0.0 0.32 0.1 0.31 0.1 0.33 0.14 0.0 0.0 0.0 0.0 0.0 0.0 0.0 0.0 0.0 0.0 0.0 0.0 0.32 0.26 0.32 0.36 0.32 0.45 0.32 0.26 0.32 0.36 0.33 0.46 0.0 0.0 0.0 0.0 0.0 0.0 0.0 0.0
0.16 0.12 0.13 0.17 0.15 0.16 0.18 0.21 0.2 0.21 0.12 0.17 0.0 0.0 0.0 0.0 0.16 0.28 0.17 0.37 0.18 0.46 0.13 0.28 0.13 0.37 0.12 0.46 0.15 0.12 0.0 0.0 0.14 0.13 0.0 0.0 0.0 0.0 0.0 0.0 0.0 0.0 0.0 0.0 0.0 0.0 0.33 0.14 0.29 0.17 0.26 0.14 0.0 0.0 0.0 0.0 0.0 0.0 0.0 0.0 0.0 0.0 0.0 0.0 0.0 0.0 0.31 0.1 0.0 0.0 0.32 0.1 0.31 0.1 0.33 0.14 0.0 0.0 0.0 0.0 0.0 0.0 0.0 0.0 0.0 0.0 0.0 0.0 0.32 0.26 0.32 0.36 0.32 0.45 0.32 0.26 0.32 0.36 0.33 0.46 0.0 0.0 0.0 0.0 0.0 0.0 0.0 0.0
0.15 0.12 0.13 0.17 0.15 0.16 0.18 0.21 0.2 0.21 0.12 0.17 0.0 0.0 0.0 0.0 0.16 0.28 0.17 0.37 0.18 0.46 0.13 0.28 0.13 0.37 0.12 0.45 0.15 0.12 0.0 0.0 0.14 0.13 0.0 0.0 0.0 0.0 0.0 0.0 0.0 0.0 0.0 0.0 0.0 0.0 0.33 0.14 0.29 0.17 0.26 0.14 0.0 0.0 0.0 0.0 0.0 0.0 0.0 0.0 0.0 0.0 0.0 0.0 0.0 0.0 0.31 0.1 0.0 0.0 0.32 0.1 0.31 0.1 0.33 0.14 0.0 0.0 0.0 0.0 0.0 0.0 0.0 0.0 0.0 0.0 0.0 0.0 0.32 0.26 0.32 0.36 0.32 0.45 0.32 0.26 0.32 0.36 0.33 0.46 0.0 0.0 0.0 0.0 0.0 0.0 0.0 0.0
0.15 0.12 0.13 0.17 0.15 0.16 0.18 0.21 0.2 0.2 0.12 0.17 0.0 0.0 0.0 0.0 0.16 0.28 0.17 0.37 0.18 0.46 0.13 0.28 0.13 0.37 0.12 0.46 0.15 0.12 0.0 0.0 0.14 0.13 0.0 0.0 0.0 0.0 0.0 0.0 0.0 0.0 0.0 0.0 0.0 0.0 0.33 0.14 0.29 0.17 0.26 0.14 0.0 0.0 0.0 0.0 0.0 0.0 0.0 0.0 0.0 0.0 0.0 0.0 0.0 0.0 0.31 0.1 0.0 0.0 0.32 0.1 0.31 0.1 0.33 0.14 0.0 0.0 0.0 0.0 0.0 0.0 0.0 0.0 0.0 0.0 0.0 0.0 0.32 0.26 0.32 0.36 0.32 0.45 0.32 0.26 0.32 0.36 0.33 0.46 0.0 0.0 0.0 0.0 0.0 0.0 0.0 0.0
0.15 0.12 0.13 0.17 0.15 0.16 0.18 0.21 0.19 0.21 0.12 0.17 0.0 0.0 0.0 0.0 0.16 0.28 0.17 0.37 0.18 0.46 0.13 0.28 0.13 0.37 0.12 0.45 0.15 0.12 0.0 0.0 0.14 0.13 0.0 0.0 0.0 0.0 0.0 0.0 0.0 0.0 0.0 0.0 0.0 0.0 0.33 0.14 0.29 0.17 0.26 0.14 0.0 0.0 0.0 0.0 0.0 0.0 0.0 0.0 0.0 0.0 0.0 0.0 0.0 0.0 0.31 0.1 0.0 0.0 0.32 0.1 0.31 0.1 0.33 0.14 0.0 0.0 0.0 0.0 0.0 0.0 0.0 0.0 0.0 0.0 0.0 0.0 0.32 0.26 0.32 0.36 0.32 0.45 0.32 0.26 0.32 0.36 0.33 0.46 0.0 0.0 0.0 0.0 0.0 0.0 0.0 0.0
0.15 0.12 0.13 0.17 0.15 0.16 0.18 0.21 0.19 0.2 0.12 0.17 0.12 0.23 0.0 0.0 0.16 0.28 0.17 0.37 0.18 0.46 0.13 0.28 0.13 0.37 0.12 0.45 0.15 0.12 0.0 0.0 0.14 0.13 0.0 0.0 0.0 0.0 0.0 0.0 0.0 0.0 0.0 0.0 0.0 0.0 0.33 0.14 0.29 0.17 0.26 0.14 0.0 0.0 0.0 0.0 0.0 0.0 0.0 0.0 0.0 0.0 0.0 0.0 0.0 0.0 0.31 0.1 0.0 0.0 0.32 0.1 0.31 0.1 0.33 0.14 0.0 0.0 0.0 0.0 0.0 0.0 0.0 0.0 0.0 0.0 0.0 0.0 0.32 0.26 0.32 0.36 0.32 0.45 0.32 0.26 0.32 0.36 0.33 0.46 0.0 0.0 0.0 0.0 0.0 0.0 0.0 0.0
0.15 0.13 0.13 0.17 0.15 0.16 0.18 0.21 0.19 0.2 0.12 0.17 0.12 0.23 0.0 0.0 0.16 0.28 0.17 0.37 0.18 0.46 0.13 0.28 0.13 0.37 0.12 0.45 0.15 0.12 0.0 0.0 0.14 0.13 0.0 0.0 0.0 0.0 0.0 0.0 0.0 0.0 0.0 0.0 0.0 0.0 0.33 0.14 0.29 0.17 0.26 0.14 0.0 0.0 0.0 0.0 0.0 0.0 0.0 0.0 0.0 0.0 0.0 0.0 0.0 0.0 0.31 0.1 0.0 0.0 0.32 0.1 0.31 0.1 0.33 0.14 0.0 0.0 0.0 0.0 0.0 0.0 0.0 0.0 0.0 0.0 0.0 0.0 0.32 0.26 0.32 0.36 0.32 0.45 0.32 0.26 0.32 0.36 0.33 0.46 0.0 0.0 0.0 0.0 0.0 0.0 0.0 0.0
0.15 0.12 0.13 0.17 0.15 0.16 0.18 0.21 0.19 0.2 0.12 0.17 0.12 0.23 0.0 0.0 0.16 0.28 0.17 0.37 0.18 0.46 0.13 0.28 0.13 0.37 0.12 0.45 0.15 0.12 0.0 0.0 0.14 0.13 0.0 0.0 0.0 0.0 0.0 0.0 0.0 0.0 0.0 0.0 0.0 0.0 0.33 0.14 0.29 0.17 0.26 0.14 0.0 0.0 0.0 0.0 0.0 0.0 0.0 0.0 0.0 0.0 0.0 0.0 0.0 0.0 0.31 0.1 0.0 0.0 0.32 0.1 0.31 0.1 0.33 0.14 0.0 0.0 0.0 0.0 0.0 0.0 0.0 0.0 0.0 0.0 0.0 0.0 0.32 0.26 0.32 0.36 0.32 0.45 0.32 0.26 0.32 0.36 0.33 0.46 0.0 0.0 0.0 0.0 0.0 0.0 0.0 0.0
0.15 0.13 0.13 0.17 0.15 0.16 0.18 0.21 0.19 0.2 0.12 0.17 0.12 0.23 0.0 0.0 0.16 0.28 0.17 0.37 0.18 0.46 0.13 0.28 0.13 0.37 0.12 0.45 0.15 0.12 0.0 0.0 0.14 0.13 0.0 0.0 0.0 0.0 0.0 0.0 0.0 0.0 0.0 0.0 0.0 0.0 0.33 0.14 0.29 0.17 0.26 0.14 0.0 0.0 0.0 0.0 0.0 0.0 0.0 0.0 0.0 0.0 0.0 0.0 0.0 0.0 0.31 0.1 0.0 0.0 0.32 0.1 0.31 0.1 0.33 0.14 0.0 0.0 0.0 0.0 0.0 0.0 0.0 0.0 0.0 0.0 0.0 0.0 0.32 0.26 0.32 0.36 0.32 0.45 0.32 0.26 0.32 0.36 0.33 0.46 0.0 0.0 0.0 0.0 0.0 0.0 0.0 0.0
0.15 0.12 0.13 0.17 0.15 0.16 0.18 0.2 0.0 0.0 0.12 0.17 0.12 0.23 0.0 0.0 0.16 0.28 0.17 0.37 0.18 0.46 0.13 0.28 0.13 0.37 0.12 0.45 0.15 0.12 0.0 0.0 0.14 0.13 0.0 0.0 0.0 0.0 0.0 0.0 0.0 0.0 0.0 0.0 0.0 0.0 0.33 0.14 0.29 0.17 0.26 0.14 0.0 0.0 0.0 0.0 0.0 0.0 0.0 0.0 0.0 0.0 0.0 0.0 0.0 0.0 0.31 0.1 0.0 0.0 0.32 0.1 0.31 0.1 0.33 0.14 0.0 0.0 0.0 0.0 0.0 0.0 0.0 0.0 0.0 0.0 0.0 0.0 0.32 0.26 0.32 0.36 0.32 0.45 0.32 0.26 0.32 0.36 0.33 0.46 0.0 0.0 0.0 0.0 0.0 0.0 0.0 0.0
0.15 0.12 0.13 0.17 0.15 0.16 0.19 0.2 0.0 0.0 0.12 0.17 0.11 0.23 0.0 0.0 0.16 0.27 0.17 0.37 0.18 0.46 0.13 0.28 0.13 0.37 0.12 0.45 0.15 0.12 0.0 0.0 0.13 0.13 0.0 0.0 0.0 0.0 0.0 0.0 0.0 0.0 0.0 0.0 0.0 0.0 0.33 0.14 0.29 0.17 0.26 0.14 0.0 0.0 0.0 0.0 0.0 0.0 0.0 0.0 0.0 0.0 0.0 0.0 0.0 0.0 0.31 0.1 0.0 0.0 0.32 0.1 0.31 0.1 0.33 0.14 0.0 0.0 0.0 0.0 0.0 0.0 0.0 0.0 0.0 0.0 0.0 0.0 0.32 0.26 0.32 0.36 0.32 0.45 0.32 0.26 0.32 0.36 0.33 0.46 0.0 0.0 0.0 0.0 0.0 0.0 0.0 0.0
0.15 0.13 0.13 0.17 0.15 0.16 0.19 0.2 0.0 0.0 0.12 0.19 0.11 0.24 0.0 0.0 0.16 0.27 0.17 0.37 0.18 0.46 0.13 0.28 0.13 0.37 0.12 0.45 0.15 0.12 0.0 0.0 0.13 0.13 0.0 0.0 0.0 0.0 0.0 0.0 0.0 0.0 0.0 0.0 0.0 0.0 0.33 0.14 0.29 0.17 0.26 0.14 0.0 0.0 0.0 0.0 0.0 0.0 0.0 0.0 0.0 0.0 0.0 0.0 0.0 0.0 0.31 0.1 0.0 0.0 0.32 0.1 0.31 0.1 0.33 0.14 0.0 0.0 0.0 0.0 0.0 0.0 0.0 0.0 0.0 0.0 0.0 0.0 0.32 0.26 0.32 0.36 0.32 0.45 0.32 0.26 0.32 0.36 0.33 0.46 0.0 0.0 0.0 0.0 0.0 0.0 0.0 0.0
0.15 0.13 0.13 0.17 0.15 0.16 0.19 0.2 0.0 0.0 0.12 0.19 0.11 0.24 0.0 0.0 0.16 0.27 0.17 0.37 0.18 0.46 0.13 0.28 0.13 0.37 0.12 0.45 0.15 0.12 0.0 0.0 0.13 0.13 0.0 0.0 0.0 0.0 0.0 0.0 0.0 0.0 0.0 0.0 0.0 0.0 0.33 0.14 0.29 0.17 0.26 0.14 0.0 0.0 0.0 0.0 0.0 0.0 0.0 0.0 0.0 0.0 0.0 0.0 0.0 0.0 0.31 0.1 0.0 0.0 0.32 0.1 0.31 0.1 0.33 0.14 0.0 0.0 0.0 0.0 0.0 0.0 0.0 0.0 0.0 0.0 0.0 0.0 0.32 0.26 0.32 0.36 0.32 0.45 0.32 0.26 0.32 0.36 0.33 0.46 0.0 0.0 0.0 0.0 0.0 0.0 0.0 0.0
0.15 0.13 0.13 0.17 0.15 0.16 0.19 0.19 0.0 0.0 0.11 0.19 0.1 0.24 0.0 0.0 0.16 0.28 0.17 0.37 0.18 0.46 0.13 0.28 0.13 0.37 0.12 0.45 0.15 0.12 0.0 0.0 0.13 0.13 0.0 0.0 0.0 0.0 0.0 0.0 0.0 0.0 0.0 0.0 0.0 0.0 0.33 0.14 0.29 0.17 0.26 0.14 0.0 0.0 0.0 0.0 0.0 0.0 0.0 0.0 0.0 0.0 0.0 0.0 0.0 0.0 0.31 0.1 0.0 0.0 0.32 0.1 0.31 0.1 0.33 0.14 0.0 0.0 0.0 0.0 0.0 0.0 0.0 0.0 0.0 0.0 0.0 0.0 0.32 0.26 0.32 0.36 0.32 0.45 0.32 0.26 0.32 0.36 0.33 0.46 0.0 0.0 0.0 0.0 0.0 0.0 0.0 0.0
0.15 0.13 0.13 0.17 0.15 0.16 0.19 0.19 0.0 0.0 0.11 0.19 0.1 0.24 0.0 0.0 0.16 0.28 0.17 0.37 0.18 0.46 0.13 0.28 0.13 0.37 0.12 0.45 0.14 0.12 0.0 0.0 0.13 0.13 0.0 0.0 0.0 0.0 0.0 0.0 0.0 0.0 0.0 0.0 0.0 0.0 0.33 0.14 0.29 0.17 0.26 0.14 0.0 0.0 0.0 0.0 0.0 0.0 0.0 0.0 0.0 0.0 0.0 0.0 0.0 0.0 0.31 0.1 0.0 0.0 0.32 0.1 0.31 0.1 0.33 0.14 0.0 0.0 0.0 0.0 0.0 0.0 0.0 0.0 0.0 0.0 0.0 0.0 0.32 0.26 0.32 0.36 0.32 0.45 0.32 0.26 0.32 0.36 0.33 0.46 0.0 0.0 0.0 0.0 0.0 0.0 0.0 0.0
0.15 0.13 0.13 0.17 0.15 0.16 0.18 0.19 0.2 0.2 0.11 0.19 0.1 0.24 0.12 0.25 0.16 0.28 0.17 0.37 0.18 0.46 0.13 0.28 0.13 0.38 0.12 0.45 0.14 0.12 0.0 0.0 0.13 0.13 0.0 0.0 0.0 0.0 0.0 0.0 0.0 0.0 0.0 0.0 0.0 0.0 0.33 0.14 0.29 0.17 0.26 0.14 0.0 0.0 0.0 0.0 0.0 0.0 0.0 0.0 0.0 0.0 0.0 0.0 0.0 0.0 0.31 0.1 0.0 0.0 0.32 0.1 0.31 0.1 0.33 0.14 0.0 0.0 0.0 0.0 0.0 0.0 0.0 0.0 0.0 0.0 0.0 0.0 0.32 0.26 0.32 0.36 0.32 0.45 0.32 0.26 0.32 0.36 0.33 0.46 0.0 0.0 0.0 0.0 0.0 0.0 0.0 0.0
0.15 0.13 0.13 0.17 0.15 0.16 0.18 0.19 0.2 0.2 0.11 0.19 0.1 0.24 0.12 0.26 0.16 0.28 0.17 0.37 0.18 0.46 0.13 0.28 0.13 0.38 0.12 0.45 0.14 0.12 0.0 0.0 0.13 0.13 0.0 0.0 0.0 0.0 0.0 0.0 0.0 0.0 0.0 0.0 0.0 0.0 0.33 0.14 0.29 0.17 0.26 0.14 0.0 0.0 0.0 0.0 0.0 0.0 0.0 0.0 0.0 0.0 0.0 0.0 0.0 0.0 0.31 0.1 0.0 0.0 0.32 0.1 0.31 0.1 0.33 0.14 0.0 0.0 0.0 0.0 0.0 0.0 0.0 0.0 0.0 0.0 0.0 0.0 0.32 0.26 0.32 0.36 0.32 0.45 0.32 0.26 0.32 0.36 0.33 0.46 0.0 0.0 0.0 0.0 0.0 0.0 0.0 0.0
0.14 0.13 0.13 0.17 0.15 0.16 0.18 0.19 0.21 0.2 0.11 0.19 0.1 0.23 0.12 0.26 0.16 0.28 0.17 0.37 0.19 0.46 0.13 0.29 0.13 0.38 0.12 0.45 0.14 0.13 0.0 0.0 0.13 0.14 0.0 0.0 0.0 0.0 0.0 0.0 0.0 0.0 0.0 0.0 0.0 0.0 0.33 0.14 0.29 0.17 0.26 0.14 0.0 0.0 0.0 0.0 0.0 0.0 0.0 0.0 0.0 0.0 0.0 0.0 0.0 0.0 0.31 0.1 0.0 0.0 0.32 0.1 0.31 0.1 0.33 0.14 0.0 0.0 0.0 0.0 0.0 0.0 0.0 0.0 0.0 0.0 0.0 0.0 0.32 0.26 0.32 0.36 0.32 0.45 0.32 0.26 0.32 0.36 0.33 0.46 0.0 0.0 0.0 0.0 0.0 0.0 0.0 0.0
0.14 0.13 0.13 0.17 0.15 0.16 0.18 0.19 0.21 0.2 0.1 0.19 0.09 0.23 0.11 0.26 0.16 0.28 0.17 0.37 0.18 0.46 0.13 0.29 0.13 0.38 0.12 0.45 0.13 0.13 0.0 0.0 0.13 0.14 0.0 0.0 0.0 0.0 0.0 0.0 0.0 0.0 0.0 0.0 0.0 0.0 0.33 0.14 0.29 0.17 0.26 0.14 0.0 0.0 0.0 0.0 0.0 0.0 0.0 0.0 0.0 0.0 0.0 0.0 0.0 0.0 0.31 0.1 0.0 0.0 0.32 0.1 0.31 0.1 0.33 0.14 0.0 0.0 0.0 0.0 0.0 0.0 0.0 0.0 0.0 0.0 0.0 0.0 0.32 0.26 0.32 0.36 0.32 0.45 0.32 0.26 0.32 0.36 0.33 0.46 0.0 0.0 0.0 0.0 0.0 0.0 0.0 0.0
0.14 0.13 0.13 0.17 0.15 0.16 0.18 0.19 0.21 0.2 0.1 0.19 0.09 0.23 0.11 0.26 0.16 0.28 0.17 0.37 0.18 0.46 0.13 0.29 0.13 0.38 0.12 0.45 0.13 0.13 0.0 0.0 0.13 0.14 0.0 0.0 0.0 0.0 0.0 0.0 0.0 0.0 0.0 0.0 0.0 0.0 0.33 0.14 0.29 0.16 0.26 0.14 0.0 0.0 0.0 0.0 0.0 0.0 0.0 0.0 0.0 0.0 0.0 0.0 0.0 0.0 0.31 0.1 0.0 0.0 0.32 0.1 0.31 0.1 0.33 0.14 0.0 0.0 0.0 0.0 0.0 0.0 0.0 0.0 0.0 0.0 0.0 0.0 0.32 0.26 0.32 0.36 0.32 0.45 0.32 0.26 0.32 0.36 0.33 0.46 0.0 0.0 0.0 0.0 0.0 0.0 0.0 0.0
0.14 0.13 0.12 0.19 0.15 0.17 0.18 0.19 0.2 0.2 0.1 0.19 0.09 0.23 0.0 0.0 0.16 0.28 0.17 0.38 0.18 0.46 0.13 0.29 0.13 0.37 0.12 0.45 0.13 0.13 0.0 0.0 0.12 0.14 0.0 0.0 0.0 0.0 0.0 0.0 0.0 0.0 0.0 0.0 0.0 0.0 0.33 0.14 0.29 0.16 0.26 0.14 0.0 0.0 0.0 0.0 0.0 0.0 0.0 0.0 0.0 0.0 0.0 0.0 0.0 0.0 0.31 0.1 0.0 0.0 0.32 0.1 0.31 0.1 0.33 0.14 0.0 0.0 0.0 0.0 0.0 0.0 0.0 0.0 0.0 0.0 0.0 0.0 0.32 0.26 0.32 0.36 0.32 0.45 0.32 0.26 0.32 0.36 0.33 0.46 0.0 0.0 0.0 0.0 0.0 0.0 0.0 0.0
0.13 0.13 0.12 0.19 0.14 0.17 0.18 0.19 0.2 0.2 0.1 0.2 0.09 0.23 0.0 0.0 0.16 0.28 0.17 0.38 0.18 0.46 0.13 0.29 0.13 0.37 0.13 0.45 0.13 0.13 0.0 0.0 0.12 0.14 0.0 0.0 0.0 0.0 0.0 0.0 0.0 0.0 0.0 0.0 0.0 0.0 0.33 0.14 0.29 0.16 0.26 0.14 0.0 0.0 0.0 0.0 0.0 0.0 0.0 0.0 0.0 0.0 0.0 0.0 0.0 0.0 0.31 0.1 0.0 0.0 0.32 0.1 0.31 0.1 0.33 0.14 0.0 0.0 0.0 0.0 0.0 0.0 0.0 0.0 0.0 0.0 0.0 0.0 0.32 0.26 0.32 0.36 0.32 0.45 0.32 0.26 0.32 0.36 0.33 0.46 0.0 0.0 0.0 0.0 0.0 0.0 0.0 0.0
0.13 0.14 0.12 0.19 0.14 0.17 0.17 0.2 0.2 0.21 0.1 0.2 0.08 0.23 0.1 0.25 0.16 0.28 0.17 0.38 0.18 0.46 0.13 0.29 0.13 0.37 0.13 0.45 0.13 0.13 0.0 0.0 0.12 0.14 0.0 0.0 0.31 0.11 0.33 0.14 0.0 0.0 0.0 0.0 0.0 0.0 0.33 0.14 0.29 0.16 0.26 0.14 0.32 0.26 0.32 0.36 0.32 0.45 0.32 0.26 0.32 0.36 0.33 0.46 0.0 0.0 0.31 0.1 0.0 0.0 0.32 0.1
0.13 0.14 0.12 0.19 0.14 0.17 0.17 0.2 0.2 0.21 0.1 0.2 0.08 0.24 0.1 0.25 0.15 0.28 0.17 0.37 0.18 0.46 0.13 0.29 0.13 0.37 0.12 0.45 0.13 0.13 0.0 0.0 0.12 0.14 0.0 0.0 0.31 0.11 0.33 0.14 0.0 0.0 0.0 0.0 0.0 0.0 0.33 0.14 0.29 0.16 0.26 0.14 0.32 0.26 0.32 0.36 0.32 0.45 0.32 0.26 0.32 0.36 0.33 0.46 0.0 0.0 0.31 0.1 0.0 0.0 0.32 0.1
0.13 0.14 0.12 0.19 0.14 0.17 0.17 0.2 0.19 0.21 0.1 0.2 0.08 0.24 0.09 0.25 0.15 0.28 0.17 0.37 0.18 0.46 0.13 0.29 0.13 0.37 0.12 0.45 0.13 0.13 0.0 0.0 0.12 0.14 0.0 0.0 0.31 0.11 0.33 0.14 0.0 0.0 0.0 0.0 0.0 0.0 0.33 0.14 0.29 0.16 0.26 0.14 0.32 0.26 0.32 0.36 0.32 0.45 0.32 0.26 0.32 0.36 0.33 0.46 0.0 0.0 0.31 0.1 0.0 0.0 0.32 0.1
0.13 0.14 0.12 0.19 0.14 0.17 0.17 0.2 0.18 0.21 0.1 0.2 0.08 0.24 0.0 0.0 0.16 0.28 0.17 0.37 0.19 0.45 0.13 0.29 0.12 0.38 0.12 0.45 0.13 0.13 0.0 0.0 0.12 0.14 0.0 0.0 0.31 0.11 0.33 0.14 0.0 0.0 0.0 0.0 0.0 0.0 0.33 0.14 0.29 0.16 0.26 0.14 0.32 0.26 0.32 0.36 0.32 0.45 0.32 0.26 0.32 0.36 0.33 0.46 0.0 0.0 0.31 0.1 0.0 0.0 0.32 0.1
0.13 0.14 0.12 0.19 0.13 0.17 0.16 0.2 0.18 0.21 0.1 0.2 0.08 0.24 0.0 0.0 0.16 0.28 0.17 0.37 0.19 0.45 0.13 0.29 0.13 0.37 0.12 0.45 0.13 0.14 0.0 0.0 0.12 0.14 0.0 0.0 0.31 0.11 0.33 0.14 0.0 0.0 0.0 0.0 0.0 0.0 0.33 0.14 0.29 0.16 0.26 0.14 0.32 0.26 0.32 0.36 0.32 0.45 0.32 0.26 0.32 0.36 0.33 0.46 0.0 0.0 0.31 0.1 0.0 0.0 0.32 0.1
0.13 0.14 0.12 0.19 0.13 0.17 0.15 0.2 0.17 0.21 0.1 0.21 0.08 0.25 0.0 0.0 0.16 0.28 0.17 0.36 0.19 0.45 0.13 0.29 0.13 0.38 0.12 0.45 0.12 0.14 0.0 0.0 0.12 0.14 0.0 0.0 0.31 0.11 0.33 0.14 0.0 0.0 0.0 0.0 0.0 0.0 0.33 0.14 0.29 0.16 0.26 0.14 0.32 0.26 0.32 0.36 0.32 0.45 0.32 0.26 0.32 0.36 0.33 0.46 0.0 0.0 0.31 0.1 0.0 0.0 0.32 0.1
0.12 0.14 0.12 0.19 0.13 0.17 0.16 0.21 0.17 0.22 0.1 0.21 0.09 0.25 0.0 0.0 0.15 0.27 0.18 0.35 0.19 0.45 0.13 0.29 0.13 0.38 0.12 0.45 0.12 0.14 0.0 0.0 0.12 0.15 0.0 0.0 0.31 0.11 0.33 0.14 0.0 0.0 0.0 0.0 0.0 0.0 0.33 0.14 0.29 0.16 0.26 0.14 0.32 0.26 0.32 0.36 0.32 0.45 0.32 0.26 0.32 0.36 0.33 0.46 0.0 0.0 0.31 0.1 0.0 0.0 0.32 0.1
0.12 0.14 0.11 0.19 0.13 0.17 0.15 0.21 0.16 0.22 0.1 0.21 0.09 0.25 0.11 0.25 0.15 0.27 0.18 0.35 0.19 0.44 0.13 0.28 0.13 0.37 0.12 0.45 0.12 0.14 0.0 0.0 0.11 0.15 0.0 0.0 0.31 0.11 0.33 0.14 0.0 0.0 0.0 0.0 0.0 0.0 0.33 0.14 0.29 0.16 0.26 0.14 0.32 0.26 0.32 0.36 0.32 0.45 0.32 0.26 0.32 0.36 0.33 0.46 0.0 0.0 0.31 0.1 0.0 0.0 0.32 0.1
0.12 0.14 0.11 0.19 0.13 0.17 0.15 0.22 0.16 0.23 0.09 0.21 0.09 0.25 0.0 0.0 0.15 0.27 0.18 0.34 0.2 0.41 0.13 0.28 0.13 0.37 0.13 0.45 0.12 0.14 0.0 0.0 0.11 0.15 0.0 0.0 0.31 0.11 0.33 0.14 0.0 0.0 0.0 0.0 0.0 0.0 0.33 0.14 0.29 0.16 0.26 0.14 0.32 0.26 0.32 0.36 0.32 0.45 0.32 0.26 0.32 0.36 0.33 0.46 0.0 0.0 0.31 0.1 0.0 0.0 0.32 0.1
0.12 0.14 0.11 0.19 0.13 0.17 0.15 0.22 0.16 0.23 0.09 0.21 0.1 0.26 0.0 0.0 0.15 0.26 0.18 0.34 0.2 0.41 0.13 0.28 0.13 0.37 0.13 0.45 0.12 0.14 0.0 0.0 0.11 0.15 0.0 0.0 0.31 0.11 0.33 0.14 0.0 0.0 0.0 0.0 0.0 0.0 0.33 0.14 0.29 0.16 0.26 0.14 0.32 0.26 0.32 0.36 0.32 0.45 0.32 0.26 0.32 0.36 0.33 0.46 0.0 0.0 0.31 0.1 0.0 0.0 0.32 0.1
0.12 0.15 0.11 0.19 0.12 0.17 0.14 0.21 0.15 0.22 0.09 0.21 0.1 0.25 0.0 0.0 0.15 0.26 0.18 0.33 0.2 0.4 0.13 0.28 0.13 0.37 0.13 0.45 0.12 0.14 0.0 0.0 0.11 0.15 0.0 0.0 0.31 0.11 0.33 0.14 0.0 0.0 0.0 0.0 0.0 0.0 0.33 0.14 0.29 0.16 0.26 0.14 0.32 0.26 0.32 0.36 0.32 0.45 0.32 0.26 0.32 0.36 0.33 0.46 0.0 0.0 0.31 0.1 0.0 0.0 0.32 0.1
0.12 0.15 0.11 0.19 0.12 0.17 0.14 0.21 0.15 0.22 0.1 0.21 0.0 0.0 0.0 0.0 0.15 0.26 0.18 0.32 0.2 0.38 0.13 0.28 0.13 0.37 0.13 0.45 0.12 0.14 0.0 0.0 0.11 0.15 0.0 0.0 0.31 0.11 0.33 0.14 0.0 0.0 0.0 0.0 0.0 0.0 0.33 0.14 0.29 0.16 0.26 0.14 0.32 0.26 0.32 0.36 0.32 0.45 0.32 0.26 0.32 0.36 0.33 0.46 0.0 0.0 0.31 0.1 0.0 0.0 0.32 0.1
0.12 0.14 0.11 0.19 0.12 0.17 0.14 0.21 0.15 0.22 0.1 0.21 0.0 0.0 0.0 0.0 0.15 0.26 0.18 0.31 0.2 0.37 0.13 0.28 0.13 0.36 0.13 0.45 0.12 0.14 0.0 0.0 0.1 0.15 0.0 0.0 0.31 0.11 0.33 0.14 0.0 0.0 0.0 0.0 0.0 0.0 0.33 0.14 0.29 0.16 0.26 0.14 0.32 0.26 0.32 0.36 0.32 0.45 0.32 0.26 0.32 0.36 0.33 0.46 0.0 0.0 0.31 0.1 0.0 0.0 0.32 0.1
0.12 0.15 0.11 0.19 0.12 0.17 0.13 0.21 0.15 0.21 0.1 0.2 0.0 0.0 0.0 0.0 0.15 0.25 0.18 0.29 0.2 0.36 0.13 0.28 0.13 0.36 0.13 0.45 0.12 0.14 0.0 0.0 0.1 0.15 0.0 0.0 0.0 0.0 0.0 0.0 0.0 0.0 0.0 0.0 0.0 0.0 0.33 0.14 0.29 0.16 0.26 0.14 0.0 0.0 0.0 0.0 0.0 0.0 0.0 0.0 0.0 0.0 0.0 0.0 0.0 0.0 0.31 0.1 0.0 0.0 0.32 0.1 0.31 0.1 0.33 0.14 0.0 0.0 0.0 0.0 0.0 0.0 0.0 0.0 0.0 0.0 0.0 0.0 0.32 0.26 0.32 0.36 0.32 0.45 0.32 0.26 0.32 0.36 0.33 0.46 0.0 0.0 0.0 0.0 0.0 0.0 0.0 0.0
0.12 0.15 0.11 0.19 0.12 0.17 0.13 0.2 0.15 0.21 0.1 0.21 0.0 0.0 0.0 0.0 0.15 0.25 0.18 0.28 0.2 0.35 0.13 0.28 0.13 0.36 0.13 0.45 0.12 0.14 0.0 0.0 0.1 0.15 0.0 0.0 0.0 0.0 0.0 0.0 0.0 0.0 0.0 0.0 0.0 0.0 0.33 0.14 0.29 0.16 0.26 0.14 0.0 0.0 0.0 0.0 0.0 0.0 0.0 0.0 0.0 0.0 0.0 0.0 0.0 0.0 0.31 0.1 0.0 0.0 0.32 0.1 0.31 0.1 0.33 0.14 0.0 0.0 0.0 0.0 0.0 0.0 0.0 0.0 0.0 0.0 0.0 0.0 0.32 0.26 0.32 0.36 0.32 0.45 0.32 0.26 0.32 0.36 0.33 0.46 0.0 0.0 0.0 0.0 0.0 0.0 0.0 0.0
0.12 0.15 0.11 0.19 0.12 0.17 0.13 0.2 0.15 0.21 0.1 0.21 0.0 0.0 0.0 0.0 0.15 0.25 0.18 0.28 0.2 0.35 0.13 0.28 0.13 0.36 0.13 0.45 0.12 0.14 0.0 0.0 0.1 0.15 0.0 0.0 0.0 0.0 0.0 0.0 0.0 0.0 0.0 0.0 0.0 0.0 0.33 0.14 0.29 0.16 0.26 0.14 0.0 0.0 0.0 0.0 0.0 0.0 0.0 0.0 0.0 0.0 0.0 0.0 0.0 0.0 0.31 0.1 0.0 0.0 0.32 0.1 0.31 0.1 0.33 0.14 0.0 0.0 0.0 0.0 0.0 0.0 0.0 0.0 0.0 0.0 0.0 0.0 0.32 0.26 0.32 0.36 0.32 0.45 0.32 0.26 0.32 0.36 0.33 0.46 0.0 0.0 0.0 0.0 0.0 0.0 0.0 0.0
0.12 0.15 0.11 0.19 0.12 0.17 0.13 0.2 0.15 0.21 0.1 0.21 0.0 0.0 0.0 0.0 0.15 0.25 0.18 0.27 0.21 0.34 0.13 0.28 0.13 0.36 0.13 0.45 0.12 0.14 0.0 0.0 0.1 0.15 0.0 0.0 0.0 0.0 0.0 0.0 0.0 0.0 0.0 0.0 0.0 0.0 0.33 0.14 0.29 0.17 0.26 0.14 0.0 0.0 0.0 0.0 0.0 0.0 0.0 0.0 0.0 0.0 0.0 0.0 0.0 0.0 0.31 0.1 0.0 0.0 0.32 0.1 0.31 0.1 0.33 0.14 0.0 0.0 0.0 0.0 0.0 0.0 0.0 0.0 0.0 0.0 0.0 0.0 0.32 0.26 0.32 0.36 0.32 0.45 0.32 0.26 0.32 0.36 0.33 0.46 0.0 0.0 0.0 0.0 0.0 0.0 0.0 0.0
0.12 0.15 0.1 0.19 0.12 0.17 0.13 0.2 0.15 0.2 0.1 0.21 0.0 0.0 0.0 0.0 0.15 0.25 0.18 0.27 0.21 0.34 0.13 0.28 0.13 0.36 0.13 0.45 0.12 0.14 0.0 0.0 0.1 0.15 0.0 0.0 0.0 0.0 0.0 0.0 0.0 0.0 0.0 0.0 0.0 0.0 0.33 0.14 0.29 0.17 0.26 0.14 0.0 0.0 0.0 0.0 0.0 0.0 0.0 0.0 0.0 0.0 0.0 0.0 0.0 0.0 0.31 0.1 0.0 0.0 0.32 0.1 0.31 0.1 0.33 0.14 0.0 0.0 0.0 0.0 0.0 0.0 0.0 0.0 0.0 0.0 0.0 0.0 0.32 0.26 0.32 0.36 0.32 0.45 0.32 0.26 0.32 0.36 0.33 0.46 0.0 0.0 0.0 0.0 0.0 0.0 0.0 0.0
0.12 0.15 0.1 0.2 0.11 0.19 0.13 0.2 0.15 0.2 0.1 0.21 0.0 0.0 0.0 0.0 0.15 0.25 0.18 0.26 0.21 0.34 0.13 0.27 0.13 0.36 0.13 0.45 0.11 0.14 0.0 0.0 0.1 0.15 0.0 0.0 0.0 0.0 0.0 0.0 0.0 0.0 0.0 0.0 0.0 0.0 0.33 0.14 0.29 0.16 0.26 0.14 0.0 0.0 0.0 0.0 0.0 0.0 0.0 0.0 0.0 0.0 0.0 0.0 0.0 0.0 0.31 0.1 0.0 0.0 0.32 0.1 0.31 0.1 0.33 0.14 0.0 0.0 0.0 0.0 0.0 0.0 0.0 0.0 0.0 0.0 0.0 0.0 0.32 0.26 0.32 0.36 0.32 0.45 0.32 0.26 0.32 0.36 0.33 0.46 0.0 0.0 0.0 0.0 0.0 0.0 0.0 0.0
0.12 0.15 0.1 0.2 0.11 0.19 0.13 0.2 0.15 0.19 0.1 0.21 0.0 0.0 0.0 0.0 0.15 0.25 0.18 0.25 0.21 0.32 0.13 0.27 0.13 0.36 0.13 0.45 0.11 0.14 0.0 0.0 0.1 0.15 0.0 0.0 0.0 0.0 0.0 0.0 0.0 0.0 0.0 0.0 0.0 0.0 0.33 0.14 0.29 0.17 0.26 0.14 0.0 0.0 0.0 0.0 0.0 0.0 0.0 0.0 0.0 0.0 0.0 0.0 0.0 0.0 0.31 0.1 0.0 0.0 0.32 0.1 0.31 0.1 0.33 0.14 0.0 0.0 0.0 0.0 0.0 0.0 0.0 0.0 0.0 0.0 0.0 0.0 0.32 0.26 0.32 0.36 0.32 0.45 0.32 0.26 0.32 0.36 0.33 0.46 0.0 0.0 0.0 0.0 0.0 0.0 0.0 0.0
0.12 0.15 0.1 0.2 0.11 0.19 0.13 0.2 0.15 0.2 0.1 0.21 0.0 0.0 0.0 0.0 0.15 0.25 0.18 0.25 0.21 0.32 0.13 0.27 0.13 0.36 0.13 0.45 0.11 0.14 0.0 0.0 0.1 0.15 0.0 0.0 0.0 0.0 0.0 0.0 0.0 0.0 0.0 0.0 0.0 0.0 0.33 0.14 0.29 0.17 0.26 0.14 0.0 0.0 0.0 0.0 0.0 0.0 0.0 0.0 0.0 0.0 0.0 0.0 0.0 0.0 0.31 0.1 0.0 0.0 0.32 0.1 0.31 0.1 0.33 0.14 0.0 0.0 0.0 0.0 0.0 0.0 0.0 0.0 0.0 0.0 0.0 0.0 0.32 0.26 0.32 0.36 0.32 0.45 0.32 0.26 0.32 0.36 0.33 0.46 0.0 0.0 0.0 0.0 0.0 0.0 0.0 0.0
0.12 0.15 0.1 0.2 0.11 0.19 0.13 0.2 0.15 0.19 0.1 0.21 0.0 0.0 0.0 0.0 0.15 0.25 0.18 0.24 0.22 0.32 0.13 0.28 0.13 0.36 0.13 0.45 0.11 0.14 0.0 0.0 0.1 0.15 0.0 0.0 0.0 0.0 0.0 0.0 0.0 0.0 0.0 0.0 0.0 0.0 0.33 0.14 0.29 0.17 0.26 0.14 0.0 0.0 0.0 0.0 0.0 0.0 0.0 0.0 0.0 0.0 0.0 0.0 0.0 0.0 0.31 0.1 0.0 0.0 0.32 0.1 0.31 0.1 0.33 0.14 0.0 0.0 0.0 0.0 0.0 0.0 0.0 0.0 0.0 0.0 0.0 0.0 0.32 0.26 0.32 0.36 0.32 0.45 0.32 0.26 0.32 0.36 0.33 0.46 0.0 0.0 0.0 0.0 0.0 0.0 0.0 0.0
0.12 0.15 0.1 0.19 0.11 0.19 0.13 0.2 0.15 0.19 0.1 0.2 0.0 0.0 0.0 0.0 0.14 0.25 0.18 0.23 0.23 0.29 0.13 0.27 0.13 0.36 0.13 0.45 0.11 0.14 0.0 0.0 0.1 0.15 0.0 0.0 0.0 0.0 0.0 0.0 0.0 0.0 0.0 0.0 0.0 0.0 0.33 0.14 0.29 0.17 0.26 0.14 0.0 0.0 0.0 0.0 0.0 0.0 0.0 0.0 0.0 0.0 0.0 0.0 0.0 0.0 0.31 0.1 0.0 0.0 0.32 0.1 0.31 0.1 0.33 0.14 0.0 0.0 0.0 0.0 0.0 0.0 0.0 0.0 0.0 0.0 0.0 0.0 0.32 0.26 0.32 0.36 0.32 0.45 0.32 0.26 0.32 0.36 0.33 0.46 0.0 0.0 0.0 0.0 0.0 0.0 0.0 0.0
0.12 0.15 0.1 0.19 0.11 0.19 0.13 0.2 0.15 0.17 0.1 0.2 0.13 0.2 0.15 0.17 0.14 0.26 0.18 0.23 0.23 0.27 0.13 0.27 0.13 0.35 0.13 0.45 0.11 0.14 0.0 0.0 0.1 0.15 0.0 0.0 0.0 0.0 0.0 0.0 0.0 0.0 0.0 0.0 0.0 0.0 0.33 0.14 0.29 0.16 0.26 0.14 0.0 0.0 0.0 0.0 0.0 0.0 0.0 0.0 0.0 0.0 0.0 0.0 0.0 0.0 0.31 0.1 0.0 0.0 0.32 0.1 0.31 0.1 0.33 0.14 0.0 0.0 0.0 0.0 0.0 0.0 0.0 0.0 0.0 0.0 0.0 0.0 0.32 0.26 0.32 0.36 0.32 0.45 0.32 0.26 0.32 0.36 0.33 0.46 0.0 0.0 0.0 0.0 0.0 0.0 0.0 0.0
0.12 0.15 0.1 0.19 0.11 0.19 0.13 0.2 0.15 0.17 0.1 0.2 0.0 0.0 0.0 0.0 0.14 0.25 0.18 0.22 0.23 0.26 0.13 0.27 0.13 0.35 0.13 0.45 0.11 0.14 0.0 0.0 0.1 0.15 0.0 0.0 0.0 0.0 0.0 0.0 0.0 0.0 0.0 0.0 0.0 0.0 0.33 0.14 0.29 0.16 0.26 0.14 0.0 0.0 0.0 0.0 0.0 0.0 0.0 0.0 0.0 0.0 0.0 0.0 0.0 0.0 0.31 0.1 0.0 0.0 0.32 0.1 0.31 0.1 0.33 0.14 0.0 0.0 0.0 0.0 0.0 0.0 0.0 0.0 0.0 0.0 0.0 0.0 0.32 0.26 0.32 0.36 0.32 0.45 0.32 0.26 0.32 0.36 0.33 0.46 0.0 0.0 0.0 0.0 0.0 0.0 0.0 0.0
0.12 0.15 0.1 0.19 0.11 0.19 0.13 0.2 0.15 0.17 0.1 0.2 0.0 0.0 0.0 0.0 0.14 0.25 0.18 0.22 0.23 0.26 0.13 0.27 0.13 0.35 0.13 0.45 0.11 0.14 0.0 0.0 0.1 0.15 0.0 0.0 0.0 0.0 0.0 0.0 0.0 0.0 0.0 0.0 0.0 0.0 0.33 0.14 0.29 0.17 0.26 0.14 0.0 0.0 0.0 0.0 0.0 0.0 0.0 0.0 0.0 0.0 0.0 0.0 0.0 0.0 0.31 0.1 0.0 0.0 0.32 0.1 0.31 0.1 0.33 0.14 0.0 0.0 0.0 0.0 0.0 0.0 0.0 0.0 0.0 0.0 0.0 0.0 0.32 0.26 0.32 0.36 0.32 0.45 0.32 0.26 0.32 0.36 0.33 0.46 0.0 0.0 0.0 0.0 0.0 0.0 0.0 0.0
0.12 0.15 0.1 0.19 0.11 0.19 0.13 0.2 0.15 0.17 0.1 0.2 0.0 0.0 0.0 0.0 0.14 0.25 0.18 0.21 0.23 0.25 0.13 0.27 0.13 0.35 0.13 0.44 0.11 0.15 0.0 0.0 0.1 0.15 0.0 0.0 0.0 0.0 0.0 0.0 0.0 0.0 0.0 0.0 0.0 0.0 0.33 0.14 0.29 0.17 0.26 0.14 0.0 0.0 0.0 0.0 0.0 0.0 0.0 0.0 0.0 0.0 0.0 0.0 0.0 0.0 0.31 0.1 0.0 0.0 0.32 0.1 0.31 0.1 0.33 0.14 0.0 0.0 0.0 0.0 0.0 0.0 0.0 0.0 0.0 0.0 0.0 0.0 0.32 0.26 0.32 0.36 0.32 0.45 0.32 0.26 0.32 0.36 0.33 0.46 0.0 0.0 0.0 0.0 0.0 0.0 0.0 0.0
0.12 0.15 0.1 0.19 0.11 0.19 0.13 0.19 0.15 0.17 0.1 0.2 0.0 0.0 0.0 0.0 0.14 0.26 0.18 0.21 0.0 0.0 0.13 0.27 0.13 0.35 0.13 0.45 0.11 0.15 0.0 0.0 0.1 0.15 0.0 0.0 0.0 0.0 0.0 0.0 0.0 0.0 0.0 0.0 0.0 0.0 0.33 0.14 0.29 0.16 0.26 0.14 0.0 0.0 0.0 0.0 0.0 0.0 0.0 0.0 0.0 0.0 0.0 0.0 0.0 0.0 0.31 0.1 0.0 0.0 0.32 0.1 0.31 0.1 0.33 0.14 0.0 0.0 0.0 0.0 0.0 0.0 0.0 0.0 0.0 0.0 0.0 0.0 0.32 0.26 0.32 0.36 0.32 0.45 0.32 0.26 0.32 0.36 0.33 0.46 0.0 0.0 0.0 0.0 0.0 0.0 0.0 0.0
0.12 0.15 0.1 0.19 0.11 0.19 0.13 0.19 0.15 0.16 0.1 0.2 0.0 0.0 0.0 0.0 0.14 0.26 0.0 0.0 0.0 0.0 0.13 0.27 0.13 0.34 0.13 0.44 0.11 0.15 0.0 0.0 0.1 0.15 0.0 0.0 0.0 0.0 0.0 0.0 0.0 0.0 0.0 0.0 0.0 0.0 0.33 0.14 0.29 0.16 0.26 0.14 0.0 0.0 0.0 0.0 0.0 0.0 0.0 0.0 0.0 0.0 0.0 0.0 0.0 0.0 0.31 0.1 0.0 0.0 0.32 0.1 0.31 0.1 0.33 0.14 0.0 0.0 0.0 0.0 0.0 0.0 0.0 0.0 0.0 0.0 0.0 0.0 0.32 0.26 0.32 0.36 0.32 0.45 0.32 0.26 0.32 0.36 0.33 0.46 0.0 0.0 0.0 0.0 0.0 0.0 0.0 0.0
0.12 0.15 0.1 0.19 0.11 0.19 0.13 0.19 0.15 0.16 0.1 0.2 0.0 0.0 0.0 0.0 0.14 0.27 0.14 0.35 0.13 0.44 0.13 0.27 0.13 0.35 0.13 0.44 0.11 0.15 0.0 0.0 0.1 0.16 0.0 0.0 0.0 0.0 0.0 0.0 0.0 0.0 0.0 0.0 0.0 0.0 0.33 0.14 0.29 0.16 0.26 0.14 0.0 0.0 0.0 0.0 0.0 0.0 0.0 0.0 0.0 0.0 0.0 0.0 0.0 0.0 0.31 0.1 0.0 0.0 0.32 0.1 0.31 0.1 0.33 0.14 0.0 0.0 0.0 0.0 0.0 0.0 0.0 0.0 0.0 0.0 0.0 0.0 0.32 0.26 0.32 0.36 0.32 0.45 0.32 0.26 0.32 0.36 0.33 0.46 0.0 0.0 0.0 0.0 0.0 0.0 0.0 0.0
0.12 0.15 0.1 0.19 0.11 0.19 0.13 0.19 0.15 0.16 0.1 0.2 0.0 0.0 0.0 0.0 0.13 0.27 0.14 0.35 0.13 0.44 0.13 0.27 0.13 0.35 0.13 0.44 0.11 0.15 0.0 0.0 0.1 0.16 0.0 0.0 0.0 0.0 0.0 0.0 0.0 0.0 0.0 0.0 0.0 0.0 0.33 0.14 0.29 0.16 0.26 0.14 0.0 0.0 0.0 0.0 0.0 0.0 0.0 0.0 0.0 0.0 0.0 0.0 0.0 0.0 0.31 0.1 0.0 0.0 0.32 0.1 0.31 0.1 0.33 0.14 0.0 0.0 0.0 0.0 0.0 0.0 0.0 0.0 0.0 0.0 0.0 0.0 0.32 0.26 0.32 0.36 0.32 0.45 0.32 0.26 0.32 0.36 0.33 0.46 0.0 0.0 0.0 0.0 0.0 0.0 0.0 0.0
0.12 0.15 0.1 0.2 0.11 0.19 0.14 0.17 0.15 0.15 0.0 0.0 0.0 0.0 0.0 0.0 0.13 0.27 0.14 0.35 0.13 0.44 0.13 0.28 0.13 0.35 0.13 0.44 0.11 0.15 0.0 0.0 0.1 0.16 0.0 0.0 0.0 0.0 0.0 0.0 0.0 0.0 0.0 0.0 0.0 0.0 0.33 0.14 0.29 0.16 0.26 0.14 0.0 0.0 0.0 0.0 0.0 0.0 0.0 0.0 0.0 0.0 0.0 0.0 0.0 0.0 0.31 0.1 0.0 0.0 0.32 0.1 0.31 0.1 0.33 0.14 0.0 0.0 0.0 0.0 0.0 0.0 0.0 0.0 0.0 0.0 0.0 0.0 0.32 0.26 0.32 0.36 0.32 0.45 0.32 0.26 0.32 0.36 0.33 0.46 0.0 0.0 0.0 0.0 0.0 0.0 0.0 0.0
0.12 0.15 0.1 0.2 0.11 0.19 0.13 0.17 0.15 0.16 0.0 0.0 0.0 0.0 0.0 0.0 0.13 0.27 0.14 0.35 0.13 0.44 0.13 0.27 0.13 0.35 0.0 0.0 0.11 0.15 0.0 0.0 0.1 0.16 0.0 0.0 0.0 0.0 0.0 0.0 0.0 0.0 0.0 0.0 0.0 0.0 0.33 0.14 0.29 0.16 0.26 0.14 0.0 0.0 0.0 0.0 0.0 0.0 0.0 0.0 0.0 0.0 0.0 0.0 0.0 0.0 0.31 0.1 0.0 0.0 0.32 0.1 0.31 0.1 0.33 0.14 0.0 0.0 0.0 0.0 0.0 0.0 0.0 0.0 0.0 0.0 0.0 0.0 0.32 0.26 0.32 0.36 0.32 0.45 0.32 0.26 0.32 0.36 0.33 0.46 0.0 0.0 0.0 0.0 0.0 0.0 0.0 0.0
0.11 0.15 0.1 0.2 0.11 0.19 0.14 0.17 0.15 0.15 0.1 0.21 0.0 0.0 0.0 0.0 0.14 0.27 0.14 0.35 0.13 0.44 0.13 0.27 0.14 0.35 0.13 0.44 0.11 0.15 0.0 0.0 0.1 0.16 0.0 0.0 0.0 0.0 0.0 0.0 0.0 0.0 0.0 0.0 0.0 0.0 0.33 0.14 0.29 0.16 0.26 0.14 0.0 0.0 0.0 0.0 0.0 0.0 0.0 0.0 0.0 0.0 0.0 0.0 0.0 0.0 0.31 0.1 0.0 0.0 0.32 0.1 0.31 0.1 0.33 0.14 0.0 0.0 0.0 0.0 0.0 0.0 0.0 0.0 0.0 0.0 0.0 0.0 0.32 0.26 0.32 0.36 0.32 0.45 0.32 0.26 0.32 0.36 0.33 0.46 0.0 0.0 0.0 0.0 0.0 0.0 0.0 0.0
0.11 0.15 0.1 0.2 0.11 0.19 0.14 0.17 0.15 0.15 0.1 0.21 0.0 0.0 0.0 0.0 0.14 0.27 0.14 0.35 0.13 0.44 0.13 0.28 0.13 0.35 0.13 0.44 0.11 0.15 0.0 0.0 0.1 0.16 0.0 0.0 0.0 0.0 0.0 0.0 0.0 0.0 0.0 0.0 0.0 0.0 0.33 0.14 0.29 0.16 0.26 0.14 0.0 0.0 0.0 0.0 0.0 0.0 0.0 0.0 0.0 0.0 0.0 0.0 0.0 0.0 0.31 0.1 0.0 0.0 0.32 0.1 0.31 0.1 0.33 0.14 0.0 0.0 0.0 0.0 0.0 0.0 0.0 0.0 0.0 0.0 0.0 0.0 0.32 0.26 0.32 0.36 0.32 0.45 0.32 0.26 0.32 0.36 0.33 0.46 0.0 0.0 0.0 0.0 0.0 0.0 0.0 0.0
0.11 0.15 0.1 0.2 0.11 0.19 0.14 0.17 0.15 0.15 0.1 0.21 0.0 0.0 0.0 0.0 0.14 0.27 0.14 0.35 0.13 0.44 0.13 0.28 0.13 0.35 0.13 0.44 0.11 0.15 0.0 0.0 0.1 0.16 0.0 0.0 0.0 0.0 0.0 0.0 0.0 0.0 0.0 0.0 0.0 0.0 0.33 0.14 0.29 0.16 0.26 0.14 0.0 0.0 0.0 0.0 0.0 0.0 0.0 0.0 0.0 0.0 0.0 0.0 0.0 0.0 0.31 0.1 0.0 0.0 0.32 0.1 0.31 0.1 0.33 0.14 0.0 0.0 0.0 0.0 0.0 0.0 0.0 0.0 0.0 0.0 0.0 0.0 0.32 0.26 0.32 0.36 0.32 0.45 0.32 0.26 0.32 0.36 0.33 0.46 0.0 0.0 0.0 0.0 0.0 0.0 0.0 0.0
0.11 0.15 0.1 0.2 0.11 0.19 0.13 0.17 0.15 0.16 0.1 0.2 0.0 0.0 0.0 0.0 0.13 0.27 0.14 0.35 0.13 0.44 0.13 0.27 0.14 0.35 0.13 0.44 0.11 0.15 0.0 0.0 0.1 0.16 0.0 0.0 0.0 0.0 0.0 0.0 0.0 0.0 0.0 0.0 0.0 0.0 0.33 0.14 0.29 0.16 0.26 0.14 0.0 0.0 0.0 0.0 0.0 0.0 0.0 0.0 0.0 0.0 0.0 0.0 0.0 0.0 0.31 0.1 0.0 0.0 0.32 0.1 0.31 0.1 0.33 0.14 0.0 0.0 0.0 0.0 0.0 0.0 0.0 0.0 0.0 0.0 0.0 0.0 0.32 0.26 0.32 0.36 0.32 0.45 0.32 0.26 0.32 0.36 0.33 0.46 0.0 0.0 0.0 0.0 0.0 0.0 0.0 0.0
0.11 0.15 0.1 0.2 0.11 0.19 0.14 0.17 0.15 0.16 0.1 0.2 0.0 0.0 0.0 0.0 0.14 0.26 0.14 0.34 0.13 0.44 0.13 0.27 0.14 0.34 0.13 0.44 0.11 0.15 0.0 0.0 0.1 0.16 0.0 0.0 0.0 0.0 0.0 0.0 0.0 0.0 0.0 0.0 0.0 0.0 0.33 0.14 0.29 0.16 0.26 0.14 0.0 0.0 0.0 0.0 0.0 0.0 0.0 0.0 0.0 0.0 0.0 0.0 0.0 0.0 0.31 0.1 0.0 0.0 0.32 0.1 0.31 0.1 0.33 0.14 0.0 0.0 0.0 0.0 0.0 0.0 0.0 0.0 0.0 0.0 0.0 0.0 0.32 0.26 0.32 0.36 0.32 0.45 0.32 0.26 0.32 0.36 0.33 0.46 0.0 0.0 0.0 0.0 0.0 0.0 0.0 0.0
0.11 0.15 0.1 0.2 0.11 0.19 0.14 0.17 0.15 0.16 0.1 0.21 0.0 0.0 0.0 0.0 0.14 0.26 0.14 0.34 0.13 0.44 0.13 0.27 0.14 0.34 0.13 0.44 0.11 0.15 0.0 0.0 0.1 0.16 0.0 0.0 0.0 0.0 0.0 0.0 0.0 0.0 0.0 0.0 0.0 0.0 0.33 0.14 0.29 0.16 0.26 0.14 0.0 0.0 0.0 0.0 0.0 0.0 0.0 0.0 0.0 0.0 0.0 0.0 0.0 0.0 0.31 0.1 0.0 0.0 0.32 0.1 0.31 0.1 0.33 0.14 0.0 0.0 0.0 0.0 0.0 0.0 0.0 0.0 0.0 0.0 0.0 0.0 0.32 0.26 0.32 0.36 0.32 0.45 0.32 0.26 0.32 0.36 0.33 0.46 0.0 0.0 0.0 0.0 0.0 0.0 0.0 0.0
0.11 0.15 0.1 0.2 0.11 0.19 0.14 0.17 0.15 0.16 0.1 0.21 0.0 0.0 0.0 0.0 0.15 0.26 0.15 0.34 0.13 0.44 0.14 0.27 0.14 0.34 0.13 0.44 0.11 0.15 0.0 0.0 0.1 0.16 0.0 0.0 0.0 0.0 0.0 0.0 0.0 0.0 0.0 0.0 0.0 0.0 0.33 0.14 0.29 0.16 0.26 0.14 0.0 0.0 0.0 0.0 0.0 0.0 0.0 0.0 0.0 0.0 0.0 0.0 0.0 0.0 0.31 0.1 0.0 0.0 0.32 0.1 0.31 0.1 0.33 0.14 0.0 0.0 0.0 0.0 0.0 0.0 0.0 0.0 0.0 0.0 0.0 0.0 0.32 0.26 0.32 0.36 0.32 0.45 0.32 0.26 0.32 0.36 0.33 0.46 0.0 0.0 0.0 0.0 0.0 0.0 0.0 0.0
0.11 0.15 0.1 0.2 0.11 0.19 0.14 0.17 0.15 0.16 0.1 0.21 0.0 0.0 0.0 0.0 0.15 0.26 0.15 0.34 0.13 0.44 0.14 0.27 0.14 0.34 0.13 0.44 0.11 0.15 0.0 0.0 0.1 0.16 0.0 0.0 0.0 0.0 0.0 0.0 0.0 0.0 0.0 0.0 0.0 0.0 0.33 0.14 0.29 0.16 0.26 0.14 0.0 0.0 0.0 0.0 0.0 0.0 0.0 0.0 0.0 0.0 0.0 0.0 0.0 0.0 0.31 0.1 0.0 0.0 0.32 0.1 0.31 0.1 0.33 0.14 0.0 0.0 0.0 0.0 0.0 0.0 0.0 0.0 0.0 0.0 0.0 0.0 0.32 0.26 0.32 0.36 0.32 0.45 0.32 0.26 0.32 0.36 0.33 0.46 0.0 0.0 0.0 0.0 0.0 0.0 0.0 0.0
0.11 0.15 0.1 0.2 0.11 0.19 0.15 0.17 0.16 0.16 0.1 0.21 0.0 0.0 0.0 0.0 0.15 0.26 0.15 0.34 0.13 0.44 0.14 0.27 0.14 0.34 0.13 0.44 0.11 0.15 0.0 0.0 0.1 0.16 0.0 0.0 0.0 0.0 0.0 0.0 0.0 0.0 0.0 0.0 0.0 0.0 0.33 0.14 0.29 0.16 0.26 0.15 0.0 0.0 0.0 0.0 0.0 0.0 0.0 0.0 0.0 0.0 0.0 0.0 0.0 0.0 0.31 0.1 0.0 0.0 0.32 0.1 0.31 0.1 0.33 0.14 0.0 0.0 0.0 0.0 0.0 0.0 0.0 0.0 0.0 0.0 0.0 0.0 0.32 0.26 0.32 0.36 0.32 0.45 0.32 0.26 0.32 0.36 0.33 0.46 0.0 0.0 0.0 0.0 0.0 0.0 0.0 0.0
0.11 0.16 0.1 0.21 0.12 0.19 0.15 0.17 0.16 0.16 0.09 0.22 0.09 0.28 0.0 0.0 0.15 0.26 0.15 0.34 0.13 0.44 0.14 0.27 0.14 0.34 0.13 0.44 0.11 0.15 0.0 0.0 0.1 0.16 0.0 0.0 0.31 0.1 0.33 0.14 0.0 0.0 0.0 0.0 0.0 0.0 0.32 0.14 0.29 0.16 0.26 0.15 0.32 0.26 0.32 0.36 0.32 0.45 0.32 0.26 0.32 0.36 0.33 0.46 0.0 0.0 0.31 0.1 0.0 0.0 0.32 0.1
0.11 0.16 0.1 0.2 0.12 0.19 0.15 0.17 0.17 0.16 0.09 0.21 0.0 0.0 0.0 0.0 0.12 0.29 0.0 0.0 0.0 0.0 0.1 0.29 0.0 0.0 0.0 0.0 0.1 0.15 0.0 0.0 0.1 0.16 0.0 0.0 0.31 0.1 0.33 0.14 0.0 0.0 0.0 0.0 0.0 0.0 0.32 0.14 0.29 0.16 0.26 0.15 0.32 0.26 0.32 0.36 0.32 0.45 0.32 0.26 0.32 0.36 0.33 0.46 0.0 0.0 0.31 0.1 0.0 0.0 0.32 0.1
0.11 0.16 0.1 0.21 0.12 0.19 0.15 0.17 0.17 0.16 0.09 0.23 0.0 0.0 0.0 0.0 0.15 0.26 0.15 0.35 0.13 0.44 0.14 0.27 0.15 0.35 0.13 0.44 0.1 0.15 0.0 0.0 0.1 0.17 0.0 0.0 0.0 0.0 0.0 0.0 0.0 0.0 0.0 0.0 0.0 0.0 0.33 0.14 0.29 0.16 0.25 0.14 0.0 0.0 0.0 0.0 0.0 0.0 0.0 0.0 0.0 0.0 0.0 0.0 0.0 0.0 0.31 0.1 0.0 0.0 0.32 0.1 0.31 0.1 0.33 0.14 0.0 0.0 0.0 0.0 0.0 0.0 0.0 0.0 0.0 0.0 0.0 0.0 0.32 0.26 0.32 0.36 0.32 0.45 0.32 0.26 0.32 0.36 0.33 0.46 0.0 0.0 0.0 0.0 0.0 0.0 0.0 0.0
0.11 0.16 0.1 0.21 0.12 0.19 0.15 0.17 0.17 0.16 0.09 0.23 0.0 0.0 0.0 0.0 0.15 0.26 0.0 0.0 0.0 0.0 0.14 0.27 0.15 0.34 0.13 0.44 0.1 0.15 0.0 0.0 0.1 0.17 0.0 0.0 0.31 0.1 0.33 0.14 0.34 0.14 0.0 0.0 0.0 0.0 0.0 0.0 0.0 0.0 0.0 0.0 0.32 0.26 0.32 0.36 0.32 0.45 0.32 0.26 0.32 0.36 0.33 0.46 0.0 0.0 0.0 0.0 0.0 0.0 0.0 0.0 0.0 0.0 0.0 0.0 0.0 0.0 0.0 0.0 0.0 0.0 0.33 0.14 0.29 0.16 0.25 0.14 0.0 0.0 0.0 0.0 0.0 0.0 0.0 0.0 0.0 0.0 0.0 0.0 0.0 0.0 0.31 0.1 0.0 0.0 0.32 0.1
0.11 0.16 0.1 0.21 0.12 0.19 0.15 0.17 0.17 0.16 0.09 0.23 0.09 0.27 0.11 0.28 0.15 0.25 0.0 0.0 0.0 0.0 0.14 0.28 0.15 0.34 0.13 0.44 0.1 0.16 0.0 0.0 0.1 0.17 0.0 0.0 0.31 0.1 0.33 0.14 0.34 0.14 0.0 0.0 0.0 0.0 0.32 0.14 0.29 0.16 0.25 0.14 0.32 0.26 0.32 0.36 0.32 0.45 0.32 0.26 0.32 0.36 0.33 0.46 0.0 0.0 0.31 0.1 0.0 0.0 0.32 0.1
0.11 0.16 0.1 0.21 0.12 0.19 0.15 0.19 0.17 0.16 0.09 0.23 0.0 0.0 0.0 0.0 0.15 0.25 0.0 0.0 0.0 0.0 0.14 0.27 0.15 0.34 0.14 0.44 0.1 0.16 0.0 0.0 0.1 0.17 0.0 0.0 0.31 0.1 0.33 0.14 0.34 0.14 0.0 0.0 0.0 0.0 0.32 0.14 0.29 0.16 0.25 0.14 0.32 0.26 0.32 0.36 0.32 0.45 0.32 0.26 0.32 0.36 0.33 0.46 0.0 0.0 0.31 0.1 0.0 0.0 0.32 0.1
0.11 0.16 0.1 0.22 0.12 0.2 0.15 0.19 0.2 0.1 0.09 0.24 0.0 0.0 0.0 0.0 0.15 0.25 0.15 0.34 0.14 0.44 0.14 0.27 0.15 0.34 0.14 0.44 0.1 0.16 0.0 0.0 0.1 0.17 0.0 0.0 0.31 0.1 0.33 0.14 0.34 0.14 0.0 0.0 0.0 0.0 0.32 0.14 0.29 0.16 0.25 0.14 0.32 0.26 0.32 0.36 0.32 0.45 0.32 0.26 0.32 0.36 0.33 0.46 0.0 0.0 0.31 0.1 0.0 0.0 0.32 0.1
0.11 0.16 0.1 0.22 0.12 0.2 0.15 0.19 0.0 0.0 0.08 0.26 0.0 0.0 0.0 0.0 0.15 0.25 0.18 0.17 0.0 0.0 0.14 0.27 0.15 0.34 0.14 0.44 0.1 0.16 0.0 0.0 0.1 0.17 0.0 0.0 0.31 0.1 0.33 0.14 0.34 0.14 0.0 0.0 0.0 0.0 0.32 0.14 0.29 0.16 0.24 0.14 0.32 0.26 0.32 0.36 0.32 0.45 0.32 0.26 0.32 0.36 0.33 0.46 0.0 0.0 0.31 0.1 0.0 0.0 0.32 0.1
0.11 0.16 0.1 0.22 0.12 0.2 0.15 0.19 0.0 0.0 0.09 0.25 0.0 0.0 0.0 0.0 0.15 0.25 0.18 0.17 0.0 0.0 0.14 0.27 0.15 0.34 0.14 0.44 0.1 0.16 0.0 0.0 0.1 0.17 0.0 0.0 0.31 0.1 0.33 0.14 0.34 0.14 0.0 0.0 0.0 0.0 0.32 0.14 0.29 0.16 0.24 0.14 0.32 0.26 0.32 0.36 0.32 0.45 0.32 0.26 0.32 0.36 0.33 0.46 0.0 0.0 0.31 0.1 0.0 0.0 0.32 0.1
0.11 0.16 0.1 0.22 0.12 0.2 0.16 0.19 0.0 0.0 0.09 0.24 0.0 0.0 0.0 0.0 0.15 0.25 0.18 0.17 0.0 0.0 0.14 0.27 0.15 0.33 0.14 0.44 0.1 0.16 0.0 0.0 0.1 0.17 0.0 0.0 0.31 0.1 0.33 0.14 0.34 0.14 0.0 0.0 0.0 0.0 0.32 0.14 0.29 0.16 0.24 0.13 0.32 0.26 0.32 0.36 0.32 0.45 0.32 0.26 0.32 0.36 0.33 0.46 0.0 0.0 0.31 0.1 0.0 0.0 0.32 0.1
0.11 0.16 0.1 0.22 0.12 0.2 0.15 0.19 0.0 0.0 0.09 0.24 0.08 0.26 0.1 0.31 0.15 0.24 0.17 0.19 0.0 0.0 0.14 0.27 0.15 0.34 0.14 0.44 0.1 0.16 0.0 0.0 0.1 0.17 0.0 0.0 0.31 0.1 0.33 0.14 0.34 0.14 0.0 0.0 0.0 0.0 0.32 0.14 0.29 0.16 0.24 0.14 0.32 0.26 0.32 0.36 0.32 0.45 0.32 0.26 0.32 0.36 0.33 0.46 0.0 0.0 0.31 0.1 0.0 0.0 0.32 0.1
0.11 0.17 0.1 0.22 0.12 0.2 0.15 0.2 0.18 0.14 0.09 0.25 0.09 0.31 0.0 0.0 0.15 0.24 0.18 0.19 0.0 0.0 0.14 0.27 0.15 0.34 0.14 0.42 0.1 0.16 0.0 0.0 0.1 0.17 0.0 0.0 0.31 0.1 0.33 0.14 0.34 0.14 0.0 0.0 0.0 0.0 0.32 0.14 0.29 0.16 0.25 0.14 0.32 0.26 0.32 0.36 0.32 0.45 0.32 0.26 0.32 0.36 0.33 0.46 0.0 0.0 0.31 0.1 0.0 0.0 0.32 0.1
0.11 0.17 0.1 0.22 0.12 0.2 0.15 0.2 0.18 0.14 0.09 0.24 0.09 0.31 0.0 0.0 0.15 0.25 0.18 0.19 0.0 0.0 0.14 0.27 0.15 0.34 0.14 0.42 0.1 0.17 0.0 0.0 0.1 0.19 0.0 0.0 0.31 0.1 0.33 0.14 0.34 0.14 0.0 0.0 0.0 0.0 0.32 0.14 0.29 0.16 0.25 0.14 0.32 0.26 0.32 0.36 0.32 0.45 0.32 0.26 0.32 0.36 0.33 0.46 0.0 0.0 0.31 0.1 0.0 0.0 0.32 0.1
0.11 0.17 0.1 0.22 0.12 0.2 0.15 0.2 0.18 0.14 0.09 0.24 0.09 0.31 0.0 0.0 0.15 0.25 0.18 0.19 0.0 0.0 0.14 0.27 0.15 0.34 0.14 0.42 0.1 0.17 0.0 0.0 0.1 0.19 0.0 0.0 0.31 0.1 0.33 0.14 0.34 0.14 0.0 0.0 0.0 0.0 0.32 0.14 0.29 0.16 0.25 0.14 0.32 0.26 0.32 0.36 0.32 0.45 0.32 0.26 0.32 0.36 0.33 0.46 0.0 0.0 0.31 0.1 0.0 0.0 0.32 0.1
0.11 0.17 0.1 0.22 0.12 0.2 0.15 0.2 0.18 0.14 0.09 0.24 0.08 0.25 0.09 0.31 0.15 0.25 0.18 0.17 0.0 0.0 0.14 0.27 0.15 0.34 0.14 0.42 0.1 0.17 0.0 0.0 0.1 0.19 0.0 0.0 0.31 0.1 0.33 0.14 0.34 0.14 0.0 0.0 0.0 0.0 0.32 0.14 0.29 0.16 0.25 0.14 0.32 0.26 0.32 0.36 0.32 0.45 0.32 0.26 0.32 0.36 0.33 0.46 0.0 0.0 0.31 0.1 0.0 0.0 0.32 0.1
0.11 0.17 0.1 0.22 0.12 0.2 0.15 0.2 0.17 0.16 0.09 0.24 0.09 0.31 0.0 0.0 0.15 0.25 0.18 0.19 0.0 0.0 0.14 0.27 0.15 0.34 0.14 0.44 0.1 0.17 0.0 0.0 0.1 0.19 0.0 0.0 0.31 0.1 0.33 0.14 0.34 0.14 0.0 0.0 0.0 0.0 0.32 0.14 0.29 0.16 0.25 0.14 0.32 0.26 0.32 0.36 0.32 0.45 0.32 0.26 0.32 0.36 0.33 0.46 0.0 0.0 0.31 0.1 0.0 0.0 0.32 0.1
0.11 0.17 0.1 0.22 0.12 0.2 0.15 0.2 0.18 0.17 0.09 0.24 0.09 0.31 0.0 0.0 0.15 0.25 0.15 0.35 0.14 0.44 0.14 0.28 0.15 0.35 0.14 0.44 0.1 0.17 0.0 0.0 0.1 0.19 0.0 0.0 0.31 0.1 0.33 0.14 0.0 0.0 0.0 0.0 0.0 0.0 0.32 0.14 0.29 0.16 0.25 0.14 0.32 0.26 0.32 0.36 0.32 0.45 0.32 0.26 0.32 0.36 0.33 0.46 0.0 0.0 0.31 0.1 0.0 0.0 0.32 0.1
0.11 0.17 0.1 0.22 0.12 0.2 0.15 0.2 0.17 0.19 0.09 0.24 0.09 0.31 0.0 0.0 0.15 0.26 0.15 0.35 0.14 0.44 0.14 0.28 0.15 0.35 0.14 0.44 0.1 0.17 0.0 0.0 0.1 0.19 0.0 0.0 0.31 0.1 0.33 0.14 0.0 0.0 0.0 0.0 0.0 0.0 0.32 0.14 0.29 0.16 0.25 0.14 0.32 0.26 0.32 0.36 0.32 0.45 0.32 0.26 0.32 0.36 0.33 0.46 0.0 0.0 0.31 0.1 0.0 0.0 0.32 0.1
0.11 0.17 0.1 0.22 0.12 0.2 0.15 0.2 0.18 0.19 0.09 0.24 0.09 0.31 0.0 0.0 0.15 0.26 0.15 0.35 0.14 0.44 0.14 0.28 0.15 0.35 0.14 0.44 0.1 0.17 0.0 0.0 0.1 0.19 0.0 0.0 0.31 0.1 0.33 0.14 0.0 0.0 0.0 0.0 0.0 0.0 0.32 0.14 0.29 0.16 0.25 0.14 0.32 0.26 0.32 0.36 0.32 0.45 0.32 0.26 0.32 0.36 0.33 0.46 0.0 0.0 0.31 0.1 0.0 0.0 0.32 0.1
0.11 0.17 0.1 0.22 0.12 0.2 0.15 0.21 0.17 0.2 0.09 0.24 0.09 0.28 0.09 0.31 0.15 0.24 0.15 0.35 0.14 0.44 0.14 0.27 0.15 0.35 0.14 0.44 0.1 0.17 0.0 0.0 0.1 0.19 0.0 0.0 0.31 0.1 0.33 0.14 0.0 0.0 0.0 0.0 0.0 0.0 0.32 0.14 0.29 0.16 0.25 0.14 0.32 0.26 0.32 0.36 0.32 0.45 0.32 0.26 0.32 0.36 0.33 0.46 0.0 0.0 0.31 0.1 0.0 0.0 0.32 0.1
0.11 0.17 0.1 0.22 0.12 0.2 0.15 0.21 0.17 0.2 0.09 0.24 0.09 0.31 0.0 0.0 0.15 0.24 0.15 0.35 0.14 0.44 0.14 0.27 0.15 0.35 0.14 0.44 0.1 0.17 0.0 0.0 0.1 0.19 0.0 0.0 0.31 0.1 0.33 0.14 0.0 0.0 0.0 0.0 0.0 0.0 0.32 0.14 0.29 0.16 0.25 0.15 0.32 0.26 0.33 0.36 0.32 0.45 0.32 0.26 0.32 0.36 0.33 0.46 0.0 0.0 0.31 0.1 0.0 0.0 0.32 0.1
0.11 0.17 0.1 0.22 0.12 0.21 0.15 0.2 0.17 0.2 0.09 0.24 0.09 0.29 0.09 0.31 0.15 0.24 0.15 0.35 0.14 0.44 0.14 0.27 0.15 0.35 0.14 0.44 0.1 0.17 0.0 0.0 0.1 0.19 0.0 0.0 0.31 0.1 0.33 0.14 0.34 0.14 0.0 0.0 0.0 0.0 0.32 0.14 0.29 0.16 0.25 0.15 0.32 0.26 0.33 0.36 0.32 0.45 0.32 0.26 0.32 0.36 0.33 0.46 0.0 0.0 0.31 0.1 0.0 0.0 0.32 0.1
0.11 0.17 0.1 0.22 0.12 0.21 0.15 0.21 0.17 0.21 0.09 0.24 0.09 0.28 0.1 0.31 0.15 0.25 0.15 0.35 0.14 0.44 0.14 0.27 0.15 0.35 0.14 0.45 0.1 0.17 0.0 0.0 0.1 0.19 0.0 0.0 0.31 0.1 0.33 0.14 0.34 0.14 0.0 0.0 0.0 0.0 0.32 0.14 0.29 0.17 0.25 0.15 0.32 0.26 0.33 0.36 0.32 0.45 0.32 0.26 0.32 0.36 0.33 0.46 0.0 0.0 0.31 0.1 0.0 0.0 0.32 0.1
0.11 0.17 0.1 0.22 0.12 0.21 0.15 0.2 0.17 0.21 0.09 0.24 0.09 0.28 0.1 0.31 0.15 0.24 0.15 0.35 0.14 0.44 0.14 0.27 0.15 0.35 0.14 0.45 0.1 0.17 0.0 0.0 0.1 0.19 0.0 0.0 0.31 0.1 0.33 0.14 0.34 0.14 0.0 0.0 0.0 0.0 0.32 0.14 0.29 0.17 0.25 0.15 0.32 0.26 0.33 0.36 0.32 0.45 0.32 0.26 0.32 0.36 0.33 0.46 0.0 0.0 0.31 0.1 0.0 0.0 0.32 0.1
0.11 0.19 0.1 0.22 0.12 0.21 0.15 0.2 0.17 0.21 0.09 0.24 0.09 0.29 0.0 0.0 0.15 0.24 0.0 0.0 0.0 0.0 0.14 0.27 0.15 0.35 0.14 0.45 0.1 0.17 0.0 0.0 0.1 0.19 0.0 0.0 0.31 0.1 0.33 0.14 0.34 0.14 0.0 0.0 0.0 0.0 0.32 0.14 0.29 0.17 0.26 0.15 0.32 0.26 0.33 0.36 0.32 0.45 0.32 0.26 0.32 0.36 0.33 0.46 0.0 0.0 0.31 0.1 0.0 0.0 0.32 0.1
0.11 0.19 0.1 0.22 0.12 0.21 0.15 0.21 0.17 0.21 0.09 0.24 0.09 0.28 0.1 0.31 0.15 0.24 0.19 0.17 0.0 0.0 0.14 0.27 0.15 0.35 0.14 0.45 0.1 0.17 0.0 0.0 0.1 0.19 0.0 0.0 0.31 0.1 0.33 0.14 0.0 0.0 0.0 0.0 0.0 0.0 0.32 0.14 0.29 0.17 0.26 0.15 0.32 0.26 0.33 0.36 0.32 0.45 0.32 0.26 0.32 0.36 0.33 0.46 0.0 0.0 0.31 0.1 0.0 0.0 0.32 0.1
0.1 0.19 0.1 0.22 0.12 0.21 0.15 0.21 0.17 0.22 0.09 0.24 0.09 0.31 0.0 0.0 0.15 0.24 0.0 0.0 0.0 0.0 0.14 0.27 0.15 0.35 0.14 0.45 0.1 0.19 0.0 0.0 0.1 0.2 0.0 0.0 0.31 0.1 0.33 0.14 0.0 0.0 0.0 0.0 0.0 0.0 0.32 0.14 0.29 0.17 0.26 0.15 0.32 0.26 0.33 0.36 0.32 0.45 0.32 0.26 0.32 0.36 0.33 0.46 0.0 0.0 0.31 0.1 0.0 0.0 0.32 0.1
0.11 0.19 0.1 0.22 0.12 0.21 0.15 0.21 0.17 0.22 0.09 0.24 0.09 0.26 0.1 0.31 0.15 0.24 0.2 0.19 0.0 0.0 0.14 0.27 0.15 0.35 0.14 0.45 0.1 0.19 0.0 0.0 0.1 0.2 0.0 0.0 0.31 0.1 0.33 0.14 0.0 0.0 0.0 0.0 0.0 0.0 0.32 0.14 0.29 0.17 0.26 0.15 0.32 0.26 0.32 0.36 0.32 0.45 0.32 0.26 0.32 0.36 0.33 0.46 0.0 0.0 0.31 0.1 0.0 0.0 0.32 0.1
0.11 0.19 0.1 0.22 0.12 0.21 0.15 0.21 0.17 0.22 0.09 0.24 0.09 0.26 0.1 0.31 0.15 0.24 0.2 0.19 0.0 0.0 0.14 0.27 0.14 0.36 0.14 0.45 0.1 0.19 0.0 0.0 0.1 0.2 0.0 0.0 0.31 0.1 0.33 0.14 0.0 0.0 0.0 0.0 0.0 0.0 0.32 0.14 0.29 0.17 0.26 0.15 0.32 0.26 0.33 0.36 0.32 0.45 0.32 0.26 0.32 0.36 0.33 0.46 0.0 0.0 0.31 0.1 0.0 0.0 0.32 0.1
0.11 0.19 0.1 0.22 0.12 0.21 0.15 0.21 0.17 0.22 0.09 0.24 0.09 0.26 0.1 0.31 0.15 0.24 0.0 0.0 0.0 0.0 0.14 0.28 0.14 0.36 0.14 0.45 0.1 0.19 0.0 0.0 0.1 0.2 0.0 0.0 0.31 0.1 0.33 0.14 0.0 0.0 0.0 0.0 0.0 0.0 0.32 0.14 0.29 0.17 0.26 0.15 0.32 0.26 0.32 0.36 0.32 0.45 0.32 0.26 0.32 0.36 0.33 0.46 0.0 0.0 0.31 0.1 0.0 0.0 0.32 0.1
0.11 0.19 0.1 0.22 0.12 0.21 0.15 0.21 0.17 0.23 0.09 0.24 0.09 0.27 0.1 0.31 0.16 0.24 0.2 0.19 0.0 0.0 0.14 0.28 0.14 0.36 0.14 0.45 0.1 0.19 0.0 0.0 0.1 0.2 0.0 0.0 0.31 0.1 0.33 0.14 0.0 0.0 0.0 0.0 0.0 0.0 0.32 0.14 0.29 0.17 0.26 0.15 0.32 0.26 0.32 0.36 0.32 0.45 0.32 0.26 0.32 0.36 0.33 0.46 0.0 0.0 0.31 0.1 0.0 0.0 0.32 0.1
0.1 0.19 0.1 0.22 0.12 0.21 0.15 0.21 0.17 0.23 0.09 0.24 0.09 0.27 0.1 0.32 0.16 0.24 0.2 0.19 0.0 0.0 0.14 0.28 0.14 0.36 0.14 0.45 0.1 0.19 0.0 0.0 0.1 0.2 0.0 0.0 0.31 0.1 0.33 0.14 0.0 0.0 0.0 0.0 0.0 0.0 0.32 0.14 0.29 0.17 0.26 0.15 0.32 0.26 0.32 0.36 0.32 0.45 0.32 0.26 0.32 0.36 0.33 0.46 0.0 0.0 0.31 0.1 0.0 0.0 0.32 0.1
0.11 0.19 0.1 0.23 0.12 0.21 0.15 0.21 0.17 0.23 0.09 0.24 0.1 0.31 0.0 0.0 0.16 0.24 0.2 0.2 0.0 0.0 0.14 0.28 0.14 0.36 0.14 0.45 0.1 0.19 0.0 0.0 0.1 0.2 0.0 0.0 0.31 0.1 0.33 0.14 0.0 0.0 0.0 0.0 0.0 0.0 0.32 0.14 0.29 0.17 0.26 0.15 0.32 0.26 0.33 0.36 0.32 0.45 0.32 0.26 0.32 0.36 0.33 0.46 0.0 0.0 0.31 0.1 0.0 0.0 0.32 0.1
0.11 0.19 0.1 0.23 0.12 0.21 0.15 0.21 0.17 0.23 0.09 0.24 0.1 0.31 0.0 0.0 0.16 0.24 0.2 0.2 0.0 0.0 0.14 0.28 0.14 0.36 0.14 0.45 0.1 0.19 0.0 0.0 0.1 0.2 0.0 0.0 0.31 0.1 0.33 0.14 0.0 0.0 0.0 0.0 0.0 0.0 0.32 0.14 0.29 0.17 0.26 0.15 0.32 0.26 0.32 0.36 0.32 0.45 0.32 0.26 0.32 0.36 0.33 0.46 0.0 0.0 0.31 0.1 0.0 0.0 0.32 0.1
0.11 0.19 0.1 0.23 0.12 0.21 0.15 0.21 0.18 0.23 0.09 0.24 0.09 0.28 0.1 0.31 0.15 0.25 0.2 0.2 0.0 0.0 0.14 0.29 0.14 0.37 0.14 0.45 0.1 0.19 0.0 0.0 0.1 0.2 0.0 0.0 0.31 0.1 0.33 0.14 0.0 0.0 0.0 0.0 0.0 0.0 0.32 0.14 0.29 0.17 0.26 0.15 0.32 0.26 0.33 0.36 0.32 0.45 0.32 0.26 0.32 0.36 0.33 0.46 0.0 0.0 0.31 0.1 0.0 0.0 0.32 0.1
0.11 0.19 0.1 0.23 0.12 0.21 0.15 0.21 0.18 0.22 0.09 0.24 0.09 0.28 0.11 0.32 0.15 0.27 0.15 0.37 0.15 0.44 0.14 0.29 0.14 0.37 0.14 0.45 0.1 0.19 0.0 0.0 0.1 0.2 0.0 0.0 0.31 0.1 0.32 0.14 0.33 0.14 0.0 0.0 0.0 0.0 0.32 0.14 0.29 0.17 0.26 0.15 0.32 0.26 0.33 0.36 0.32 0.45 0.32 0.26 0.32 0.36 0.33 0.46 0.0 0.0 0.31 0.1 0.0 0.0 0.32 0.1
0.11 0.19 0.1 0.23 0.12 0.21 0.15 0.21 0.18 0.22 0.09 0.24 0.09 0.28 0.1 0.31 0.15 0.25 0.2 0.2 0.0 0.0 0.14 0.29 0.14 0.37 0.14 0.45 0.1 0.19 0.0 0.0 0.1 0.2 0.0 0.0 0.31 0.1 0.32 0.14 0.33 0.14 0.0 0.0 0.0 0.0 0.32 0.14 0.29 0.17 0.26 0.15 0.32 0.26 0.33 0.36 0.32 0.45 0.32 0.26 0.32 0.36 0.33 0.46 0.0 0.0 0.31 0.1 0.0 0.0 0.32 0.1
0.11 0.19 0.1 0.23 0.12 0.21 0.15 0.21 0.18 0.21 0.09 0.24 0.09 0.28 0.1 0.31 0.15 0.25 0.15 0.37 0.0 0.0 0.14 0.29 0.14 0.37 0.14 0.45 0.1 0.19 0.0 0.0 0.1 0.2 0.0 0.0 0.31 0.1 0.32 0.14 0.33 0.14 0.0 0.0 0.0 0.0 0.32 0.14 0.29 0.17 0.26 0.15 0.32 0.26 0.33 0.36 0.32 0.45 0.32 0.26 0.32 0.36 0.33 0.46 0.0 0.0 0.31 0.1 0.0 0.0 0.32 0.1
0.11 0.19 0.1 0.23 0.12 0.21 0.15 0.21 0.18 0.22 0.09 0.24 0.09 0.28 0.1 0.31 0.15 0.25 0.2 0.2 0.0 0.0 0.14 0.29 0.14 0.37 0.14 0.45 0.1 0.19 0.0 0.0 0.1 0.2 0.0 0.0 0.31 0.1 0.32 0.14 0.33 0.14 0.0 0.0 0.0 0.0 0.32 0.14 0.29 0.17 0.26 0.15 0.32 0.26 0.33 0.36 0.32 0.45 0.32 0.26 0.32 0.36 0.33 0.46 0.0 0.0 0.31 0.1 0.0 0.0 0.32 0.1
0.11 0.19 0.1 0.23 0.12 0.21 0.15 0.21 0.0 0.0 0.09 0.25 0.09 0.29 0.11 0.32 0.15 0.25 0.2 0.2 0.0 0.0 0.14 0.29 0.14 0.37 0.14 0.45 0.1 0.19 0.0 0.0 0.1 0.2 0.0 0.0 0.31 0.1 0.32 0.14 0.33 0.14 0.0 0.0 0.0 0.0 0.32 0.14 0.29 0.17 0.26 0.15 0.32 0.26 0.33 0.36 0.32 0.45 0.32 0.26 0.32 0.36 0.33 0.46 0.0 0.0 0.31 0.1 0.0 0.0 0.32 0.1
0.11 0.19 0.1 0.23 0.12 0.21 0.15 0.21 0.0 0.0 0.09 0.25 0.09 0.29 0.11 0.32 0.15 0.25 0.2 0.2 0.0 0.0 0.14 0.29 0.14 0.36 0.14 0.45 0.1 0.19 0.0 0.0 0.1 0.2 0.0 0.0 0.31 0.1 0.32 0.14 0.33 0.14 0.0 0.0 0.0 0.0 0.32 0.14 0.29 0.17 0.26 0.15 0.32 0.26 0.33 0.36 0.32 0.45 0.32 0.26 0.32 0.36 0.33 0.46 0.0 0.0 0.31 0.1 0.0 0.0 0.32 0.1
0.11 0.19 0.1 0.23 0.12 0.21 0.15 0.21 0.18 0.22 0.09 0.25 0.1 0.29 0.11 0.32 0.15 0.24 0.2 0.2 0.0 0.0 0.14 0.29 0.14 0.37 0.14 0.45 0.1 0.19 0.0 0.0 0.1 0.2 0.0 0.0 0.31 0.1 0.32 0.14 0.33 0.14 0.0 0.0 0.0 0.0 0.32 0.14 0.29 0.17 0.26 0.15 0.32 0.26 0.33 0.36 0.32 0.45 0.32 0.26 0.32 0.36 0.33 0.46 0.0 0.0 0.31 0.1 0.0 0.0 0.32 0.1
0.11 0.19 0.1 0.23 0.12 0.21 0.15 0.21 0.18 0.22 0.09 0.25 0.1 0.29 0.0 0.0 0.15 0.25 0.2 0.2 0.0 0.0 0.14 0.29 0.14 0.37 0.14 0.45 0.1 0.19 0.0 0.0 0.1 0.2 0.0 0.0 0.31 0.1 0.32 0.14 0.33 0.14 0.0 0.0 0.0 0.0 0.32 0.14 0.29 0.17 0.25 0.14 0.32 0.26 0.33 0.36 0.32 0.45 0.32 0.26 0.32 0.36 0.33 0.46 0.0 0.0 0.31 0.1 0.0 0.0 0.32 0.1
0.11 0.19 0.1 0.23 0.12 0.21 0.15 0.21 0.18 0.22 0.09 0.25 0.1 0.29 0.0 0.0 0.15 0.25 0.2 0.2 0.0 0.0 0.14 0.29 0.14 0.37 0.14 0.45 0.1 0.19 0.0 0.0 0.1 0.2 0.0 0.0 0.31 0.1 0.32 0.14 0.33 0.14 0.0 0.0 0.0 0.0 0.32 0.14 0.29 0.17 0.25 0.14 0.32 0.26 0.33 0.36 0.32 0.45 0.32 0.26 0.32 0.36 0.33 0.46 0.0 0.0 0.31 0.1 0.0 0.0 0.32 0.1
0.11 0.19 0.1 0.23 0.12 0.21 0.15 0.21 0.18 0.22 0.09 0.25 0.1 0.29 0.12 0.32 0.15 0.25 0.0 0.0 0.0 0.0 0.14 0.29 0.14 0.36 0.14 0.45 0.1 0.19 0.0 0.0 0.1 0.2 0.0 0.0 0.31 0.1 0.32 0.14 0.33 0.14 0.0 0.0 0.0 0.0 0.32 0.14 0.29 0.17 0.26 0.15 0.32 0.26 0.33 0.36 0.32 0.45 0.32 0.26 0.32 0.36 0.33 0.46 0.0 0.0 0.31 0.1 0.0 0.0 0.32 0.1
0.11 0.19 0.1 0.23 0.12 0.21 0.15 0.21 0.0 0.0 0.09 0.25 0.1 0.31 0.12 0.32 0.15 0.25 0.0 0.0 0.0 0.0 0.14 0.29 0.14 0.36 0.14 0.45 0.1 0.19 0.0 0.0 0.1 0.2 0.0 0.0 0.31 0.1 0.32 0.14 0.33 0.14 0.0 0.0 0.0 0.0 0.32 0.14 0.29 0.17 0.26 0.15 0.32 0.26 0.33 0.36 0.32 0.45 0.32 0.26 0.32 0.36 0.33 0.46 0.0 0.0 0.31 0.1 0.0 0.0 0.32 0.1
0.11 0.19 0.1 0.23 0.12 0.21 0.15 0.21 0.19 0.21 0.09 0.25 0.1 0.31 0.0 0.0 0.15 0.25 0.0 0.0 0.0 0.0 0.14 0.29 0.14 0.37 0.14 0.45 0.1 0.19 0.0 0.0 0.1 0.2 0.0 0.0 0.31 0.1 0.32 0.14 0.33 0.14 0.0 0.0 0.0 0.0 0.32 0.14 0.29 0.17 0.26 0.15 0.32 0.26 0.33 0.36 0.32 0.45 0.32 0.26 0.32 0.36 0.33 0.46 0.0 0.0 0.31 0.1 0.0 0.0 0.32 0.1
0.11 0.19 0.1 0.23 0.12 0.21 0.15 0.21 0.19 0.21 0.09 0.25 0.1 0.29 0.12 0.32 0.15 0.26 0.0 0.0 0.0 0.0 0.14 0.29 0.14 0.37 0.14 0.45 0.11 0.19 0.0 0.0 0.1 0.2 0.0 0.0 0.31 0.1 0.32 0.14 0.33 0.14 0.0 0.0 0.0 0.0 0.32 0.14 0.29 0.17 0.26 0.15 0.32 0.26 0.33 0.36 0.32 0.45 0.32 0.26 0.32 0.36 0.33 0.46 0.0 0.0 0.31 0.1 0.0 0.0 0.32 0.1
0.11 0.19 0.1 0.23 0.12 0.21 0.15 0.21 0.19 0.21 0.09 0.25 0.1 0.29 0.12 0.32 0.15 0.26 0.0 0.0 0.0 0.0 0.14 0.29 0.14 0.37 0.14 0.45 0.11 0.19 0.0 0.0 0.1 0.2 0.0 0.0 0.31 0.1 0.32 0.14 0.33 0.14 0.0 0.0 0.0 0.0 0.32 0.14 0.29 0.17 0.26 0.15 0.32 0.26 0.33 0.36 0.32 0.45 0.32 0.26 0.32 0.37 0.33 0.46 0.0 0.0 0.31 0.1 0.0 0.0 0.32 0.1
0.11 0.19 0.1 0.23 0.12 0.21 0.15 0.21 0.0 0.0 0.09 0.25 0.1 0.29 0.12 0.31 0.15 0.25 0.15 0.37 0.0 0.0 0.14 0.29 0.14 0.37 0.14 0.45 0.11 0.19 0.0 0.0 0.1 0.19 0.0 0.0 0.31 0.1 0.32 0.14 0.33 0.14 0.0 0.0 0.0 0.0 0.32 0.14 0.29 0.17 0.26 0.15 0.32 0.26 0.33 0.36 0.32 0.45 0.32 0.26 0.32 0.37 0.33 0.46 0.0 0.0 0.31 0.1 0.0 0.0 0.32 0.1
0.11 0.19 0.1 0.23 0.12 0.21 0.15 0.21 0.0 0.0 0.09 0.24 0.1 0.29 0.12 0.31 0.15 0.25 0.15 0.37 0.0 0.0 0.14 0.29 0.14 0.37 0.14 0.45 0.11 0.17 0.0 0.0 0.1 0.19 0.0 0.0 0.31 0.1 0.32 0.14 0.33 0.14 0.0 0.0 0.0 0.0 0.32 0.14 0.29 0.17 0.26 0.15 0.32 0.26 0.33 0.36 0.32 0.45 0.32 0.26 0.32 0.37 0.33 0.46 0.0 0.0 0.31 0.1 0.0 0.0 0.32 0.1
0.11 0.19 0.1 0.23 0.12 0.21 0.15 0.21 0.0 0.0 0.09 0.24 0.1 0.28 0.12 0.31 0.15 0.25 0.15 0.36 0.0 0.0 0.14 0.29 0.14 0.37 0.14 0.45 0.11 0.17 0.0 0.0 0.1 0.19 0.0 0.0 0.31 0.1 0.32 0.14 0.33 0.14 0.0 0.0 0.0 0.0 0.32 0.14 0.29 0.17 0.26 0.15 0.32 0.26 0.32 0.37 0.32 0.45 0.32 0.26 0.32 0.37 0.33 0.46 0.0 0.0 0.31 0.1 0.0 0.0 0.32 0.1
0.11 0.19 0.1 0.23 0.12 0.21 0.15 0.21 0.0 0.0 0.09 0.24 0.1 0.28 0.12 0.31 0.15 0.25 0.15 0.36 0.0 0.0 0.14 0.29 0.14 0.37 0.14 0.45 0.11 0.17 0.0 0.0 0.1 0.19 0.0 0.0 0.31 0.1 0.32 0.14 0.33 0.14 0.0 0.0 0.0 0.0 0.32 0.14 0.29 0.17 0.26 0.15 0.32 0.26 0.32 0.37 0.32 0.45 0.32 0.26 0.32 0.37 0.33 0.46 0.0 0.0 0.31 0.1 0.0 0.0 0.32 0.1
0.11 0.19 0.1 0.23 0.12 0.21 0.15 0.21 0.0 0.0 0.09 0.24 0.1 0.28 0.12 0.31 0.15 0.25 0.15 0.36 0.0 0.0 0.14 0.29 0.14 0.37 0.14 0.45 0.11 0.17 0.0 0.0 0.1 0.19 0.0 0.0 0.31 0.1 0.32 0.14 0.33 0.14 0.0 0.0 0.0 0.0 0.32 0.14 0.29 0.17 0.26 0.15 0.32 0.26 0.33 0.36 0.32 0.45 0.32 0.26 0.32 0.37 0.33 0.46 0.0 0.0 0.31 0.1 0.0 0.0 0.32 0.1
0.11 0.19 0.1 0.23 0.12 0.21 0.15 0.21 0.0 0.0 0.09 0.24 0.1 0.28 0.12 0.31 0.15 0.24 0.0 0.0 0.0 0.0 0.14 0.28 0.14 0.37 0.14 0.45 0.11 0.17 0.0 0.0 0.1 0.19 0.0 0.0 0.31 0.1 0.32 0.14 0.33 0.14 0.0 0.0 0.0 0.0 0.32 0.14 0.29 0.17 0.26 0.15 0.32 0.26 0.33 0.36 0.32 0.45 0.32 0.26 0.32 0.37 0.33 0.46 0.0 0.0 0.31 0.1 0.0 0.0 0.32 0.1
0.11 0.17 0.1 0.22 0.12 0.21 0.15 0.2 0.0 0.0 0.09 0.24 0.1 0.29 0.12 0.31 0.15 0.24 0.19 0.21 0.21 0.19 0.14 0.28 0.14 0.36 0.14 0.45 0.11 0.17 0.0 0.0 0.1 0.19 0.0 0.0 0.31 0.1 0.32 0.14 0.33 0.14 0.0 0.0 0.0 0.0 0.32 0.14 0.29 0.17 0.26 0.15 0.32 0.26 0.33 0.36 0.32 0.45 0.32 0.26 0.32 0.37 0.33 0.46 0.0 0.0 0.31 0.1 0.0 0.0 0.32 0.1
0.12 0.17 0.1 0.22 0.12 0.2 0.15 0.2 0.0 0.0 0.09 0.24 0.1 0.29 0.12 0.29 0.15 0.24 0.19 0.21 0.0 0.0 0.14 0.28 0.14 0.36 0.14 0.45 0.11 0.17 0.0 0.0 0.1 0.19 0.0 0.0 0.31 0.1 0.32 0.14 0.33 0.14 0.0 0.0 0.0 0.0 0.32 0.14 0.29 0.17 0.26 0.15 0.32 0.26 0.33 0.37 0.32 0.45 0.32 0.26 0.32 0.37 0.33 0.46 0.0 0.0 0.31 0.1 0.0 0.0 0.32 0.1
0.12 0.17 0.1 0.22 0.12 0.2 0.15 0.2 0.0 0.0 0.09 0.24 0.1 0.29 0.12 0.29 0.15 0.24 0.19 0.21 0.21 0.19 0.14 0.28 0.14 0.36 0.14 0.45 0.11 0.17 0.0 0.0 0.1 0.19 0.0 0.0 0.31 0.1 0.32 0.14 0.33 0.14 0.0 0.0 0.0 0.0 0.32 0.14 0.29 0.17 0.26 0.14 0.32 0.26 0.32 0.37 0.32 0.45 0.32 0.26 0.32 0.37 0.33 0.46 0.0 0.0 0.31 0.1 0.0 0.0 0.32 0.1
0.12 0.17 0.1 0.22 0.12 0.2 0.15 0.2 0.0 0.0 0.09 0.24 0.1 0.28 0.12 0.29 0.15 0.24 0.2 0.21 0.21 0.19 0.14 0.28 0.14 0.36 0.14 0.45 0.11 0.16 0.0 0.0 0.1 0.17 0.0 0.0 0.31 0.1 0.32 0.14 0.33 0.14 0.0 0.0 0.0 0.0 0.32 0.14 0.29 0.17 0.26 0.14 0.32 0.26 0.32 0.37 0.32 0.45 0.32 0.26 0.32 0.37 0.33 0.46 0.0 0.0 0.31 0.1 0.0 0.0 0.32 0.1
0.12 0.16 0.1 0.22 0.12 0.2 0.15 0.2 0.0 0.0 0.09 0.23 0.1 0.28 0.12 0.29 0.15 0.24 0.19 0.21 0.0 0.0 0.14 0.29 0.14 0.36 0.14 0.45 0.11 0.16 0.0 0.0 0.1 0.17 0.0 0.0 0.31 0.1 0.32 0.14 0.33 0.14 0.0 0.0 0.0 0.0 0.32 0.14 0.29 0.17 0.26 0.14 0.32 0.26 0.33 0.37 0.32 0.45 0.32 0.26 0.32 0.37 0.33 0.46 0.0 0.0 0.31 0.1 0.0 0.0 0.32 0.1
0.12 0.16 0.1 0.21 0.12 0.2 0.15 0.2 0.0 0.0 0.09 0.23 0.1 0.28 0.12 0.28 0.15 0.24 0.19 0.21 0.0 0.0 0.13 0.28 0.14 0.36 0.14 0.45 0.12 0.16 0.0 0.0 0.1 0.17 0.0 0.0 0.31 0.1 0.32 0.14 0.33 0.14 0.0 0.0 0.0 0.0 0.32 0.14 0.29 0.17 0.26 0.14 0.32 0.26 0.32 0.37 0.32 0.45 0.32 0.26 0.32 0.37 0.33 0.46 0.0 0.0 0.31 0.1 0.0 0.0 0.32 0.1
0.12 0.16 0.1 0.21 0.12 0.2 0.16 0.21 0.21 0.19 0.09 0.23 0.1 0.28 0.12 0.28 0.15 0.24 0.19 0.22 0.0 0.0 0.13 0.28 0.14 0.36 0.14 0.45 0.12 0.16 0.0 0.0 0.1 0.17 0.0 0.0 0.31 0.1 0.32 0.14 0.33 0.14 0.0 0.0 0.0 0.0 0.32 0.14 0.29 0.17 0.26 0.14 0.32 0.26 0.33 0.37 0.32 0.45 0.32 0.26 0.32 0.37 0.33 0.46 0.0 0.0 0.31 0.1 0.0 0.0 0.32 0.1
0.12 0.16 0.1 0.21 0.12 0.19 0.15 0.2 0.0 0.0 0.09 0.23 0.1 0.28 0.12 0.28 0.15 0.24 0.19 0.22 0.0 0.0 0.13 0.28 0.14 0.36 0.14 0.45 0.12 0.15 0.0 0.0 0.1 0.16 0.0 0.0 0.31 0.1 0.33 0.14 0.0 0.0 0.0 0.0 0.0 0.0 0.32 0.14 0.29 0.17 0.26 0.14 0.32 0.26 0.33 0.37 0.32 0.45 0.32 0.26 0.32 0.37 0.33 0.46 0.0 0.0 0.31 0.1 0.0 0.0 0.32 0.1
0.12 0.15 0.1 0.21 0.12 0.19 0.15 0.2 0.0 0.0 0.09 0.23 0.1 0.27 0.12 0.28 0.15 0.24 0.18 0.22 0.0 0.0 0.13 0.28 0.14 0.36 0.14 0.45 0.12 0.15 0.0 0.0 0.1 0.16 0.0 0.0 0.31 0.1 0.33 0.14 0.0 0.0 0.0 0.0 0.0 0.0 0.32 0.14 0.29 0.17 0.26 0.14 0.32 0.26 0.32 0.37 0.32 0.45 0.32 0.26 0.32 0.37 0.33 0.46 0.0 0.0 0.31 0.1 0.0 0.0 0.32 0.1
0.12 0.15 0.11 0.21 0.12 0.19 0.16 0.21 0.21 0.2 0.09 0.22 0.1 0.27 0.12 0.28 0.15 0.25 0.0 0.0 0.0 0.0 0.13 0.28 0.14 0.36 0.14 0.45 0.12 0.15 0.0 0.0 0.1 0.16 0.0 0.0 0.31 0.1 0.33 0.14 0.0 0.0 0.0 0.0 0.0 0.0 0.32 0.14 0.29 0.17 0.26 0.14 0.32 0.26 0.32 0.37 0.32 0.45 0.32 0.26 0.32 0.37 0.33 0.46 0.0 0.0 0.31 0.1 0.0 0.0 0.32 0.1
0.12 0.15 0.11 0.2 0.12 0.19 0.16 0.21 0.2 0.21 0.09 0.22 0.1 0.27 0.12 0.27 0.15 0.25 0.0 0.0 0.0 0.0 0.13 0.28 0.14 0.36 0.14 0.45 0.12 0.15 0.0 0.0 0.11 0.15 0.0 0.0 0.31 0.1 0.33 0.14 0.0 0.0 0.0 0.0 0.0 0.0 0.32 0.14 0.29 0.17 0.26 0.14 0.32 0.26 0.32 0.37 0.32 0.45 0.32 0.26 0.32 0.37 0.33 0.46 0.0 0.0 0.31 0.1 0.0 0.0 0.32 0.1
0.12 0.15 0.11 0.2 0.12 0.17 0.16 0.21 0.2 0.22 0.09 0.22 0.1 0.27 0.12 0.27 0.15 0.25 0.0 0.0 0.0 0.0 0.13 0.28 0.14 0.36 0.14 0.45 0.12 0.14 0.0 0.0 0.11 0.15 0.0 0.0 0.31 0.1 0.33 0.14 0.0 0.0 0.0 0.0 0.0 0.0 0.32 0.14 0.29 0.17 0.26 0.14 0.32 0.26 0.32 0.37 0.32 0.45 0.32 0.26 0.32 0.37 0.33 0.46 0.0 0.0 0.31 0.1 0.0 0.0 0.32 0.1
0.12 0.15 0.11 0.2 0.12 0.17 0.16 0.21 0.2 0.22 0.1 0.22 0.1 0.26 0.12 0.27 0.15 0.25 0.0 0.0 0.0 0.0 0.13 0.28 0.14 0.35 0.14 0.45 0.12 0.14 0.0 0.0 0.11 0.15 0.0 0.0 0.31 0.1 0.33 0.14 0.0 0.0 0.0 0.0 0.0 0.0 0.32 0.14 0.29 0.17 0.26 0.14 0.32 0.26 0.32 0.37 0.32 0.45 0.32 0.26 0.32 0.37 0.33 0.46 0.0 0.0 0.31 0.1 0.0 0.0 0.32 0.1
0.12 0.14 0.11 0.2 0.12 0.17 0.16 0.21 0.19 0.23 0.1 0.21 0.1 0.26 0.12 0.27 0.15 0.26 0.2 0.22 0.2 0.24 0.13 0.28 0.14 0.36 0.13 0.45 0.12 0.14 0.0 0.0 0.11 0.15 0.0 0.0 0.31 0.1 0.33 0.14 0.0 0.0 0.0 0.0 0.0 0.0 0.32 0.14 0.29 0.17 0.26 0.14 0.32 0.26 0.32 0.36 0.32 0.45 0.32 0.26 0.32 0.37 0.33 0.46 0.0 0.0 0.31 0.1 0.0 0.0 0.32 0.1
0.13 0.14 0.11 0.2 0.12 0.17 0.15 0.21 0.18 0.22 0.1 0.21 0.1 0.26 0.0 0.0 0.15 0.26 0.2 0.23 0.2 0.26 0.13 0.28 0.14 0.36 0.13 0.45 0.12 0.14 0.0 0.0 0.11 0.15 0.0 0.0 0.31 0.1 0.33 0.14 0.0 0.0 0.0 0.0 0.0 0.0 0.32 0.14 0.29 0.17 0.26 0.14 0.32 0.26 0.32 0.37 0.32 0.45 0.32 0.26 0.32 0.37 0.33 0.46 0.0 0.0 0.31 0.1 0.0 0.0 0.32 0.1
0.13 0.14 0.11 0.19 0.12 0.17 0.15 0.21 0.18 0.22 0.1 0.2 0.1 0.25 0.0 0.0 0.15 0.25 0.2 0.24 0.2 0.29 0.13 0.28 0.13 0.36 0.13 0.45 0.12 0.13 0.0 0.0 0.11 0.14 0.0 0.0 0.31 0.1 0.33 0.14 0.0 0.0 0.0 0.0 0.0 0.0 0.32 0.14 0.29 0.17 0.26 0.14 0.32 0.26 0.32 0.37 0.32 0.45 0.32 0.26 0.32 0.37 0.33 0.46 0.0 0.0 0.31 0.1 0.0 0.0 0.32 0.1
0.13 0.14 0.11 0.19 0.12 0.17 0.15 0.21 0.17 0.22 0.1 0.2 0.1 0.24 0.0 0.0 0.15 0.25 0.2 0.24 0.19 0.31 0.13 0.28 0.13 0.36 0.13 0.45 0.12 0.13 0.0 0.0 0.12 0.14 0.0 0.0 0.31 0.1 0.33 0.14 0.0 0.0 0.0 0.0 0.0 0.0 0.32 0.14 0.29 0.17 0.26 0.14 0.32 0.26 0.32 0.37 0.32 0.45 0.32 0.26 0.32 0.37 0.33 0.46 0.0 0.0 0.31 0.1 0.0 0.0 0.32 0.1
0.13 0.13 0.11 0.19 0.12 0.17 0.15 0.21 0.18 0.22 0.1 0.2 0.0 0.0 0.0 0.0 0.15 0.25 0.2 0.25 0.19 0.32 0.13 0.28 0.13 0.36 0.13 0.45 0.12 0.13 0.0 0.0 0.12 0.14 0.0 0.0 0.31 0.1 0.33 0.14 0.0 0.0 0.0 0.0 0.0 0.0 0.32 0.14 0.29 0.17 0.26 0.14 0.32 0.26 0.32 0.36 0.32 0.45 0.32 0.26 0.32 0.37 0.33 0.46 0.0 0.0 0.31 0.1 0.0 0.0 0.32 0.1
0.13 0.13 0.12 0.17 0.12 0.17 0.16 0.21 0.18 0.23 0.1 0.2 0.0 0.0 0.0 0.0 0.15 0.25 0.2 0.25 0.19 0.33 0.13 0.27 0.13 0.36 0.13 0.45 0.13 0.13 0.0 0.0 0.12 0.14 0.0 0.0 0.31 0.1 0.33 0.14 0.0 0.0 0.0 0.0 0.0 0.0 0.32 0.14 0.29 0.17 0.26 0.14 0.32 0.26 0.32 0.37 0.32 0.45 0.32 0.26 0.32 0.37 0.33 0.46 0.0 0.0 0.31 0.1 0.0 0.0 0.32 0.1
0.13 0.13 0.12 0.17 0.13 0.16 0.15 0.21 0.17 0.22 0.1 0.19 0.0 0.0 0.0 0.0 0.15 0.25 0.2 0.26 0.18 0.38 0.13 0.27 0.14 0.35 0.13 0.45 0.13 0.13 0.0 0.0 0.12 0.13 0.0 0.0 0.31 0.1 0.33 0.14 0.0 0.0 0.0 0.0 0.0 0.0 0.32 0.14 0.29 0.17 0.26 0.14 0.32 0.26 0.32 0.37 0.32 0.45 0.32 0.26 0.32 0.37 0.33 0.46 0.0 0.0 0.31 0.1 0.0 0.0 0.32 0.1
0.13 0.13 0.12 0.17 0.13 0.16 0.15 0.21 0.18 0.23 0.1 0.19 0.0 0.0 0.0 0.0 0.15 0.25 0.2 0.27 0.19 0.35 0.13 0.27 0.13 0.35 0.13 0.45 0.13 0.12 0.0 0.0 0.12 0.13 0.0 0.0 0.31 0.1 0.33 0.14 0.0 0.0 0.0 0.0 0.0 0.0 0.32 0.14 0.29 0.17 0.26 0.14 0.32 0.26 0.32 0.37 0.32 0.45 0.32 0.26 0.32 0.37 0.33 0.46 0.0 0.0 0.31 0.1 0.0 0.0 0.32 0.1
0.13 0.13 0.12 0.17 0.13 0.16 0.15 0.21 0.18 0.23 0.1 0.19 0.0 0.0 0.0 0.0 0.15 0.25 0.2 0.27 0.19 0.36 0.13 0.27 0.13 0.36 0.13 0.45 0.13 0.12 0.0 0.0 0.12 0.13 0.0 0.0 0.31 0.1 0.33 0.14 0.0 0.0 0.0 0.0 0.0 0.0 0.32 0.14 0.29 0.17 0.26 0.14 0.32 0.26 0.32 0.37 0.32 0.45 0.32 0.26 0.32 0.37 0.33 0.46 0.0 0.0 0.31 0.1 0.0 0.0 0.32 0.1
0.13 0.13 0.12 0.17 0.13 0.16 0.15 0.21 0.18 0.23 0.1 0.19 0.0 0.0 0.0 0.0 0.15 0.25 0.2 0.28 0.19 0.36 0.13 0.27 0.13 0.36 0.13 0.45 0.13 0.12 0.0 0.0 0.12 0.13 0.0 0.0 0.31 0.1 0.33 0.14 0.0 0.0 0.0 0.0 0.0 0.0 0.32 0.14 0.29 0.17 0.26 0.14 0.32 0.26 0.32 0.37 0.32 0.45 0.32 0.26 0.32 0.37 0.33 0.46 0.0 0.0 0.31 0.1 0.0 0.0 0.32 0.1
0.13 0.12 0.12 0.17 0.13 0.16 0.16 0.21 0.18 0.23 0.1 0.19 0.0 0.0 0.0 0.0 0.15 0.25 0.2 0.29 0.19 0.37 0.13 0.27 0.13 0.36 0.14 0.45 0.13 0.12 0.0 0.0 0.12 0.13 0.0 0.0 0.31 0.1 0.33 0.14 0.0 0.0 0.0 0.0 0.0 0.0 0.32 0.14 0.29 0.17 0.26 0.14 0.32 0.26 0.32 0.37 0.32 0.45 0.32 0.26 0.32 0.37 0.33 0.46 0.0 0.0 0.31 0.1 0.0 0.0 0.32 0.1
0.13 0.12 0.12 0.17 0.13 0.16 0.16 0.21 0.18 0.23 0.1 0.19 0.0 0.0 0.0 0.0 0.15 0.25 0.2 0.31 0.19 0.37 0.13 0.27 0.13 0.36 0.14 0.45 0.13 0.12 0.0 0.0 0.12 0.13 0.0 0.0 0.31 0.1 0.33 0.14 0.0 0.0 0.0 0.0 0.0 0.0 0.32 0.14 0.29 0.17 0.26 0.14 0.32 0.26 0.32 0.37 0.32 0.45 0.32 0.26 0.32 0.37 0.33 0.46 0.0 0.0 0.31 0.1 0.0 0.0 0.32 0.1
0.13 0.12 0.12 0.16 0.13 0.16 0.16 0.21 0.18 0.22 0.1 0.17 0.0 0.0 0.0 0.0 0.15 0.26 0.19 0.31 0.2 0.38 0.13 0.27 0.13 0.36 0.14 0.45 0.13 0.12 0.0 0.0 0.12 0.13 0.0 0.0 0.31 0.1 0.33 0.14 0.0 0.0 0.0 0.0 0.0 0.0 0.32 0.14 0.29 0.17 0.26 0.14 0.32 0.26 0.32 0.37 0.32 0.45 0.32 0.26 0.32 0.37 0.33 0.46 0.0 0.0 0.31 0.1 0.0 0.0 0.32 0.1
0.13 0.12 0.12 0.16 0.13 0.16 0.16 0.21 0.18 0.22 0.1 0.17 0.0 0.0 0.0 0.0 0.15 0.26 0.19 0.32 0.2 0.39 0.13 0.27 0.13 0.36 0.14 0.45 0.13 0.12 0.0 0.0 0.12 0.12 0.0 0.0 0.0 0.0 0.0 0.0 0.0 0.0 0.0 0.0 0.0 0.0 0.32 0.14 0.29 0.17 0.26 0.14 0.0 0.0 0.0 0.0 0.0 0.0 0.0 0.0 0.0 0.0 0.0 0.0 0.0 0.0 0.31 0.1 0.0 0.0 0.32 0.1 0.31 0.1 0.33 0.14 0.0 0.0 0.0 0.0 0.0 0.0 0.0 0.0 0.0 0.0 0.0 0.0 0.32 0.26 0.32 0.37 0.32 0.45 0.32 0.26 0.32 0.37 0.33 0.46 0.0 0.0 0.0 0.0 0.0 0.0 0.0 0.0
0.14 0.12 0.12 0.16 0.13 0.15 0.16 0.21 0.18 0.22 0.11 0.17 0.0 0.0 0.0 0.0 0.15 0.26 0.18 0.32 0.2 0.4 0.13 0.27 0.13 0.36 0.14 0.45 0.13 0.11 0.0 0.0 0.12 0.12 0.0 0.0 0.0 0.0 0.0 0.0 0.0 0.0 0.0 0.0 0.0 0.0 0.32 0.14 0.29 0.17 0.26 0.14 0.0 0.0 0.0 0.0 0.0 0.0 0.0 0.0 0.0 0.0 0.0 0.0 0.0 0.0 0.31 0.1 0.0 0.0 0.32 0.1 0.31 0.1 0.33 0.14 0.0 0.0 0.0 0.0 0.0 0.0 0.0 0.0 0.0 0.0 0.0 0.0 0.32 0.26 0.32 0.37 0.32 0.45 0.32 0.26 0.32 0.37 0.33 0.46 0.0 0.0 0.0 0.0 0.0 0.0 0.0 0.0
0.14 0.12 0.12 0.16 0.13 0.15 0.16 0.21 0.18 0.22 0.1 0.17 0.0 0.0 0.0 0.0 0.16 0.26 0.18 0.33 0.2 0.41 0.13 0.27 0.13 0.36 0.14 0.45 0.13 0.11 0.0 0.0 0.12 0.12 0.0 0.0 0.0 0.0 0.0 0.0 0.0 0.0 0.0 0.0 0.0 0.0 0.32 0.14 0.29 0.17 0.26 0.14 0.0 0.0 0.0 0.0 0.0 0.0 0.0 0.0 0.0 0.0 0.0 0.0 0.0 0.0 0.31 0.1 0.0 0.0 0.32 0.1 0.31 0.1 0.33 0.14 0.0 0.0 0.0 0.0 0.0 0.0 0.0 0.0 0.0 0.0 0.0 0.0 0.32 0.26 0.32 0.37 0.32 0.45 0.32 0.26 0.32 0.37 0.33 0.46 0.0 0.0 0.0 0.0 0.0 0.0 0.0 0.0
0.14 0.12 0.12 0.16 0.13 0.15 0.17 0.21 0.18 0.22 0.11 0.17 0.0 0.0 0.0 0.0 0.16 0.26 0.18 0.34 0.2 0.4 0.13 0.27 0.13 0.36 0.14 0.45 0.13 0.11 0.0 0.0 0.13 0.12 0.0 0.0 0.0 0.0 0.0 0.0 0.0 0.0 0.0 0.0 0.0 0.0 0.32 0.14 0.29 0.17 0.26 0.14 0.0 0.0 0.0 0.0 0.0 0.0 0.0 0.0 0.0 0.0 0.0 0.0 0.0 0.0 0.31 0.1 0.0 0.0 0.32 0.1 0.31 0.1 0.33 0.14 0.0 0.0 0.0 0.0 0.0 0.0 0.0 0.0 0.0 0.0 0.0 0.0 0.32 0.26 0.32 0.37 0.32 0.45 0.32 0.26 0.32 0.37 0.33 0.46 0.0 0.0 0.0 0.0 0.0 0.0 0.0 0.0
0.14 0.12 0.12 0.16 0.14 0.15 0.17 0.21 0.18 0.22 0.11 0.17 0.0 0.0 0.0 0.0 0.15 0.26 0.18 0.34 0.2 0.4 0.13 0.27 0.13 0.36 0.14 0.45 0.13 0.11 0.0 0.0 0.13 0.12 0.0 0.0 0.0 0.0 0.0 0.0 0.0 0.0 0.0 0.0 0.0 0.0 0.32 0.14 0.29 0.17 0.26 0.14 0.0 0.0 0.0 0.0 0.0 0.0 0.0 0.0 0.0 0.0 0.0 0.0 0.0 0.0 0.31 0.1 0.0 0.0 0.32 0.1 0.31 0.1 0.33 0.14 0.0 0.0 0.0 0.0 0.0 0.0 0.0 0.0 0.0 0.0 0.0 0.0 0.32 0.26 0.32 0.37 0.32 0.45 0.32 0.26 0.32 0.37 0.33 0.46 0.0 0.0 0.0 0.0 0.0 0.0 0.0 0.0
0.14 0.12 0.13 0.16 0.14 0.15 0.17 0.21 0.18 0.22 0.11 0.17 0.0 0.0 0.0 0.0 0.16 0.27 0.18 0.34 0.19 0.41 0.13 0.28 0.13 0.36 0.14 0.45 0.14 0.11 0.0 0.0 0.13 0.12 0.0 0.0 0.0 0.0 0.0 0.0 0.0 0.0 0.0 0.0 0.0 0.0 0.32 0.14 0.29 0.17 0.26 0.14 0.0 0.0 0.0 0.0 0.0 0.0 0.0 0.0 0.0 0.0 0.0 0.0 0.0 0.0 0.31 0.1 0.0 0.0 0.32 0.1 0.31 0.1 0.33 0.14 0.0 0.0 0.0 0.0 0.0 0.0 0.0 0.0 0.0 0.0 0.0 0.0 0.32 0.26 0.32 0.37 0.32 0.45 0.32 0.26 0.32 0.37 0.33 0.46 0.0 0.0 0.0 0.0 0.0 0.0 0.0 0.0
0.14 0.12 0.13 0.16 0.14 0.15 0.17 0.21 0.18 0.22 0.11 0.17 0.0 0.0 0.0 0.0 0.16 0.26 0.18 0.34 0.19 0.41 0.13 0.27 0.13 0.36 0.14 0.45 0.14 0.11 0.0 0.0 0.13 0.12 0.0 0.0 0.0 0.0 0.0 0.0 0.0 0.0 0.0 0.0 0.0 0.0 0.33 0.14 0.29 0.17 0.26 0.14 0.0 0.0 0.0 0.0 0.0 0.0 0.0 0.0 0.0 0.0 0.0 0.0 0.0 0.0 0.31 0.1 0.0 0.0 0.32 0.1 0.31 0.1 0.33 0.14 0.0 0.0 0.0 0.0 0.0 0.0 0.0 0.0 0.0 0.0 0.0 0.0 0.32 0.26 0.32 0.37 0.32 0.45 0.32 0.26 0.32 0.37 0.33 0.46 0.0 0.0 0.0 0.0 0.0 0.0 0.0 0.0
0.15 0.12 0.13 0.16 0.15 0.15 0.17 0.21 0.19 0.22 0.11 0.17 0.0 0.0 0.0 0.0 0.16 0.27 0.17 0.35 0.19 0.42 0.13 0.28 0.13 0.36 0.14 0.45 0.14 0.11 0.0 0.0 0.13 0.12 0.0 0.0 0.0 0.0 0.0 0.0 0.0 0.0 0.0 0.0 0.0 0.0 0.33 0.14 0.29 0.17 0.26 0.14 0.0 0.0 0.0 0.0 0.0 0.0 0.0 0.0 0.0 0.0 0.0 0.0 0.0 0.0 0.31 0.1 0.0 0.0 0.32 0.1 0.31 0.1 0.33 0.14 0.0 0.0 0.0 0.0 0.0 0.0 0.0 0.0 0.0 0.0 0.0 0.0 0.32 0.26 0.32 0.37 0.32 0.45 0.32 0.26 0.32 0.37 0.33 0.46 0.0 0.0 0.0 0.0 0.0 0.0 0.0 0.0
0.15 0.12 0.13 0.16 0.15 0.15 0.18 0.21 0.19 0.22 0.11 0.17 0.0 0.0 0.0 0.0 0.16 0.27 0.17 0.35 0.18 0.42 0.13 0.27 0.13 0.36 0.14 0.45 0.14 0.11 0.0 0.0 0.13 0.12 0.0 0.0 0.0 0.0 0.0 0.0 0.0 0.0 0.0 0.0 0.0 0.0 0.33 0.14 0.29 0.17 0.26 0.14 0.0 0.0 0.0 0.0 0.0 0.0 0.0 0.0 0.0 0.0 0.0 0.0 0.0 0.0 0.31 0.1 0.0 0.0 0.32 0.1 0.31 0.1 0.33 0.14 0.0 0.0 0.0 0.0 0.0 0.0 0.0 0.0 0.0 0.0 0.0 0.0 0.32 0.26 0.32 0.37 0.32 0.45 0.32 0.26 0.32 0.37 0.33 0.46 0.0 0.0 0.0 0.0 0.0 0.0 0.0 0.0
0.15 0.12 0.13 0.16 0.15 0.15 0.18 0.21 0.19 0.22 0.12 0.16 0.0 0.0 0.0 0.0 0.15 0.26 0.17 0.35 0.18 0.44 0.13 0.27 0.13 0.36 0.14 0.45 0.14 0.11 0.0 0.0 0.13 0.12 0.0 0.0 0.0 0.0 0.0 0.0 0.0 0.0 0.0 0.0 0.0 0.0 0.33 0.14 0.29 0.17 0.26 0.14 0.0 0.0 0.0 0.0 0.0 0.0 0.0 0.0 0.0 0.0 0.0 0.0 0.0 0.0 0.31 0.1 0.0 0.0 0.32 0.1 0.31 0.1 0.33 0.14 0.0 0.0 0.0 0.0 0.0 0.0 0.0 0.0 0.0 0.0 0.0 0.0 0.32 0.26 0.32 0.37 0.32 0.45 0.32 0.26 0.32 0.37 0.33 0.46 0.0 0.0 0.0 0.0 0.0 0.0 0.0 0.0
0.15 0.12 0.13 0.16 0.15 0.15 0.18 0.21 0.19 0.22 0.12 0.16 0.12 0.22 0.0 0.0 0.16 0.26 0.17 0.35 0.18 0.45 0.13 0.27 0.13 0.36 0.14 0.45 0.15 0.11 0.0 0.0 0.13 0.12 0.0 0.0 0.0 0.0 0.0 0.0 0.0 0.0 0.0 0.0 0.0 0.0 0.33 0.14 0.29 0.17 0.26 0.14 0.0 0.0 0.0 0.0 0.0 0.0 0.0 0.0 0.0 0.0 0.0 0.0 0.0 0.0 0.31 0.1 0.0 0.0 0.32 0.1 0.31 0.1 0.33 0.14 0.0 0.0 0.0 0.0 0.0 0.0 0.0 0.0 0.0 0.0 0.0 0.0 0.32 0.26 0.32 0.37 0.32 0.45 0.32 0.26 0.32 0.37 0.33 0.46 0.0 0.0 0.0 0.0 0.0 0.0 0.0 0.0
0.15 0.12 0.13 0.16 0.15 0.15 0.18 0.21 0.19 0.22 0.12 0.16 0.12 0.22 0.0 0.0 0.16 0.27 0.17 0.35 0.18 0.45 0.13 0.27 0.13 0.36 0.14 0.45 0.15 0.11 0.0 0.0 0.13 0.12 0.0 0.0 0.0 0.0 0.0 0.0 0.0 0.0 0.0 0.0 0.0 0.0 0.32 0.14 0.29 0.17 0.26 0.14 0.0 0.0 0.0 0.0 0.0 0.0 0.0 0.0 0.0 0.0 0.0 0.0 0.0 0.0 0.31 0.1 0.0 0.0 0.32 0.1 0.31 0.1 0.33 0.14 0.0 0.0 0.0 0.0 0.0 0.0 0.0 0.0 0.0 0.0 0.0 0.0 0.32 0.26 0.32 0.37 0.32 0.45 0.32 0.26 0.32 0.37 0.33 0.46 0.0 0.0 0.0 0.0 0.0 0.0 0.0 0.0
0.15 0.12 0.13 0.16 0.15 0.16 0.19 0.22 0.0 0.0 0.12 0.17 0.12 0.22 0.0 0.0 0.16 0.27 0.17 0.36 0.18 0.45 0.13 0.27 0.13 0.36 0.13 0.45 0.15 0.11 0.0 0.0 0.14 0.12 0.0 0.0 0.0 0.0 0.0 0.0 0.0 0.0 0.0 0.0 0.0 0.0 0.32 0.14 0.29 0.17 0.26 0.14 0.0 0.0 0.0 0.0 0.0 0.0 0.0 0.0 0.0 0.0 0.0 0.0 0.0 0.0 0.31 0.1 0.0 0.0 0.32 0.1 0.31 0.1 0.33 0.14 0.0 0.0 0.0 0.0 0.0 0.0 0.0 0.0 0.0 0.0 0.0 0.0 0.32 0.26 0.32 0.37 0.32 0.45 0.32 0.26 0.32 0.37 0.33 0.46 0.0 0.0 0.0 0.0 0.0 0.0 0.0 0.0
0.15 0.12 0.13 0.16 0.15 0.16 0.19 0.22 0.0 0.0 0.12 0.17 0.12 0.22 0.0 0.0 0.16 0.27 0.17 0.36 0.18 0.45 0.13 0.27 0.13 0.36 0.13 0.45 0.15 0.11 0.0 0.0 0.14 0.12 0.0 0.0 0.0 0.0 0.0 0.0 0.0 0.0 0.0 0.0 0.0 0.0 0.33 0.14 0.29 0.17 0.26 0.14 0.0 0.0 0.0 0.0 0.0 0.0 0.0 0.0 0.0 0.0 0.0 0.0 0.0 0.0 0.31 0.1 0.0 0.0 0.32 0.1 0.31 0.1 0.33 0.14 0.0 0.0 0.0 0.0 0.0 0.0 0.0 0.0 0.0 0.0 0.0 0.0 0.32 0.26 0.32 0.37 0.32 0.45 0.32 0.26 0.32 0.37 0.33 0.46 0.0 0.0 0.0 0.0 0.0 0.0 0.0 0.0
0.15 0.12 0.13 0.16 0.15 0.16 0.19 0.22 0.0 0.0 0.12 0.17 0.11 0.23 0.0 0.0 0.16 0.27 0.17 0.37 0.17 0.45 0.13 0.27 0.13 0.36 0.13 0.45 0.15 0.11 0.0 0.0 0.14 0.12 0.0 0.0 0.0 0.0 0.0 0.0 0.0 0.0 0.0 0.0 0.0 0.0 0.33 0.14 0.29 0.17 0.26 0.14 0.0 0.0 0.0 0.0 0.0 0.0 0.0 0.0 0.0 0.0 0.0 0.0 0.0 0.0 0.31 0.1 0.0 0.0 0.32 0.1 0.31 0.1 0.33 0.14 0.0 0.0 0.0 0.0 0.0 0.0 0.0 0.0 0.0 0.0 0.0 0.0 0.32 0.26 0.32 0.37 0.32 0.45 0.32 0.26 0.32 0.37 0.33 0.46 0.0 0.0 0.0 0.0 0.0 0.0 0.0 0.0
0.16 0.12 0.14 0.16 0.16 0.16 0.19 0.22 0.0 0.0 0.12 0.17 0.11 0.23 0.0 0.0 0.16 0.27 0.17 0.37 0.17 0.45 0.13 0.27 0.13 0.36 0.13 0.45 0.15 0.11 0.0 0.0 0.14 0.12 0.0 0.0 0.0 0.0 0.0 0.0 0.0 0.0 0.0 0.0 0.0 0.0 0.33 0.14 0.29 0.17 0.26 0.14 0.0 0.0 0.0 0.0 0.0 0.0 0.0 0.0 0.0 0.0 0.0 0.0 0.0 0.0 0.31 0.1 0.0 0.0 0.32 0.1 0.31 0.1 0.33 0.14 0.0 0.0 0.0 0.0 0.0 0.0 0.0 0.0 0.0 0.0 0.0 0.0 0.32 0.26 0.32 0.37 0.32 0.45 0.32 0.26 0.32 0.37 0.33 0.46 0.0 0.0 0.0 0.0 0.0 0.0 0.0 0.0
0.16 0.12 0.14 0.16 0.16 0.16 0.19 0.22 0.0 0.0 0.12 0.16 0.11 0.22 0.0 0.0 0.16 0.27 0.17 0.37 0.17 0.45 0.13 0.27 0.13 0.36 0.13 0.45 0.15 0.11 0.0 0.0 0.15 0.12 0.0 0.0 0.0 0.0 0.0 0.0 0.0 0.0 0.0 0.0 0.0 0.0 0.33 0.14 0.29 0.17 0.26 0.14 0.0 0.0 0.0 0.0 0.0 0.0 0.0 0.0 0.0 0.0 0.0 0.0 0.0 0.0 0.31 0.1 0.0 0.0 0.32 0.1 0.31 0.1 0.33 0.14 0.0 0.0 0.0 0.0 0.0 0.0 0.0 0.0 0.0 0.0 0.0 0.0 0.32 0.26 0.32 0.37 0.32 0.45 0.32 0.26 0.32 0.37 0.33 0.46 0.0 0.0 0.0 0.0 0.0 0.0 0.0 0.0
0.16 0.12 0.14 0.16 0.16 0.16 0.2 0.22 0.0 0.0 0.12 0.16 0.11 0.23 0.0 0.0 0.16 0.27 0.17 0.36 0.17 0.45 0.13 0.27 0.13 0.36 0.14 0.45 0.16 0.11 0.0 0.0 0.15 0.12 0.0 0.0 0.0 0.0 0.0 0.0 0.0 0.0 0.0 0.0 0.0 0.0 0.33 0.14 0.29 0.17 0.26 0.14 0.0 0.0 0.0 0.0 0.0 0.0 0.0 0.0 0.0 0.0 0.0 0.0 0.0 0.0 0.31 0.1 0.0 0.0 0.32 0.1 0.31 0.1 0.33 0.14 0.0 0.0 0.0 0.0 0.0 0.0 0.0 0.0 0.0 0.0 0.0 0.0 0.32 0.26 0.32 0.37 0.32 0.45 0.32 0.26 0.32 0.37 0.33 0.46 0.0 0.0 0.0 0.0 0.0 0.0 0.0 0.0
0.16 0.12 0.15 0.16 0.16 0.16 0.2 0.22 0.0 0.0 0.13 0.16 0.11 0.22 0.0 0.0 0.16 0.27 0.17 0.37 0.17 0.45 0.13 0.27 0.13 0.36 0.14 0.45 0.16 0.11 0.0 0.0 0.15 0.12 0.0 0.0 0.0 0.0 0.0 0.0 0.0 0.0 0.0 0.0 0.0 0.0 0.33 0.14 0.29 0.17 0.26 0.14 0.0 0.0 0.0 0.0 0.0 0.0 0.0 0.0 0.0 0.0 0.0 0.0 0.0 0.0 0.31 0.1 0.0 0.0 0.32 0.1 0.31 0.1 0.33 0.14 0.0 0.0 0.0 0.0 0.0 0.0 0.0 0.0 0.0 0.0 0.0 0.0 0.32 0.26 0.32 0.37 0.32 0.45 0.32 0.26 0.32 0.37 0.33 0.46 0.0 0.0 0.0 0.0 0.0 0.0 0.0 0.0
0.17 0.12 0.15 0.16 0.17 0.16 0.2 0.22 0.0 0.0 0.13 0.16 0.11 0.22 0.0 0.0 0.16 0.27 0.17 0.36 0.17 0.45 0.13 0.27 0.13 0.36 0.14 0.45 0.16 0.11 0.0 0.0 0.15 0.12 0.0 0.0 0.0 0.0 0.0 0.0 0.0 0.0 0.0 0.0 0.0 0.0 0.33 0.14 0.29 0.17 0.26 0.14 0.0 0.0 0.0 0.0 0.0 0.0 0.0 0.0 0.0 0.0 0.0 0.0 0.0 0.0 0.31 0.1 0.0 0.0 0.32 0.1 0.31 0.1 0.33 0.14 0.0 0.0 0.0 0.0 0.0 0.0 0.0 0.0 0.0 0.0 0.0 0.0 0.32 0.26 0.32 0.37 0.32 0.45 0.32 0.26 0.32 0.37 0.33 0.46 0.0 0.0 0.0 0.0 0.0 0.0 0.0 0.0
0.17 0.12 0.15 0.16 0.17 0.16 0.2 0.22 0.0 0.0 0.13 0.16 0.11 0.23 0.13 0.24 0.16 0.27 0.17 0.37 0.17 0.45 0.13 0.27 0.13 0.36 0.14 0.45 0.16 0.11 0.0 0.0 0.15 0.12 0.0 0.0 0.0 0.0 0.0 0.0 0.0 0.0 0.0 0.0 0.0 0.0 0.33 0.14 0.29 0.17 0.26 0.14 0.0 0.0 0.0 0.0 0.0 0.0 0.0 0.0 0.0 0.0 0.0 0.0 0.0 0.0 0.31 0.1 0.0 0.0 0.32 0.1 0.31 0.1 0.33 0.14 0.0 0.0 0.0 0.0 0.0 0.0 0.0 0.0 0.0 0.0 0.0 0.0 0.32 0.26 0.32 0.37 0.32 0.45 0.32 0.26 0.32 0.37 0.33 0.46 0.0 0.0 0.0 0.0 0.0 0.0 0.0 0.0
0.17 0.12 0.15 0.16 0.17 0.16 0.2 0.22 0.0 0.0 0.13 0.16 0.12 0.23 0.13 0.24 0.16 0.27 0.17 0.37 0.17 0.45 0.13 0.27 0.13 0.36 0.14 0.45 0.16 0.11 0.0 0.0 0.15 0.12 0.0 0.0 0.0 0.0 0.0 0.0 0.0 0.0 0.0 0.0 0.0 0.0 0.33 0.14 0.29 0.17 0.26 0.14 0.0 0.0 0.0 0.0 0.0 0.0 0.0 0.0 0.0 0.0 0.0 0.0 0.0 0.0 0.31 0.1 0.0 0.0 0.32 0.1 0.31 0.1 0.33 0.14 0.0 0.0 0.0 0.0 0.0 0.0 0.0 0.0 0.0 0.0 0.0 0.0 0.32 0.26 0.32 0.37 0.32 0.45 0.32 0.26 0.32 0.37 0.33 0.46 0.0 0.0 0.0 0.0 0.0 0.0 0.0 0.0
0.17 0.12 0.15 0.16 0.17 0.16 0.2 0.22 0.0 0.0 0.13 0.16 0.12 0.22 0.13 0.24 0.16 0.27 0.17 0.37 0.17 0.45 0.13 0.27 0.13 0.36 0.13 0.45 0.17 0.11 0.0 0.0 0.15 0.12 0.0 0.0 0.0 0.0 0.0 0.0 0.0 0.0 0.0 0.0 0.0 0.0 0.33 0.14 0.29 0.17 0.26 0.14 0.0 0.0 0.0 0.0 0.0 0.0 0.0 0.0 0.0 0.0 0.0 0.0 0.0 0.0 0.31 0.1 0.0 0.0 0.32 0.1 0.31 0.1 0.33 0.14 0.0 0.0 0.0 0.0 0.0 0.0 0.0 0.0 0.0 0.0 0.0 0.0 0.32 0.26 0.32 0.37 0.32 0.45 0.32 0.26 0.32 0.37 0.33 0.46 0.0 0.0 0.0 0.0 0.0 0.0 0.0 0.0
0.17 0.12 0.15 0.16 0.17 0.16 0.2 0.22 0.0 0.0 0.13 0.16 0.12 0.22 0.13 0.24 0.16 0.27 0.17 0.37 0.17 0.45 0.13 0.27 0.13 0.36 0.13 0.45 0.17 0.11 0.0 0.0 0.15 0.12 0.0 0.0 0.0 0.0 0.0 0.0 0.0 0.0 0.0 0.0 0.0 0.0 0.33 0.14 0.29 0.17 0.26 0.14 0.0 0.0 0.0 0.0 0.0 0.0 0.0 0.0 0.0 0.0 0.0 0.0 0.0 0.0 0.31 0.1 0.0 0.0 0.32 0.1 0.31 0.1 0.33 0.14 0.0 0.0 0.0 0.0 0.0 0.0 0.0 0.0 0.0 0.0 0.0 0.0 0.32 0.26 0.32 0.37 0.32 0.45 0.32 0.26 0.32 0.37 0.33 0.46 0.0 0.0 0.0 0.0 0.0 0.0 0.0 0.0
0.17 0.12 0.15 0.16 0.17 0.16 0.2 0.22 0.0 0.0 0.13 0.16 0.12 0.22 0.13 0.24 0.16 0.27 0.17 0.37 0.17 0.45 0.13 0.27 0.13 0.36 0.13 0.45 0.17 0.11 0.0 0.0 0.15 0.12 0.0 0.0 0.0 0.0 0.0 0.0 0.0 0.0 0.0 0.0 0.0 0.0 0.33 0.14 0.29 0.17 0.26 0.14 0.0 0.0 0.0 0.0 0.0 0.0 0.0 0.0 0.0 0.0 0.0 0.0 0.0 0.0 0.31 0.1 0.0 0.0 0.32 0.1 0.31 0.1 0.33 0.14 0.0 0.0 0.0 0.0 0.0 0.0 0.0 0.0 0.0 0.0 0.0 0.0 0.32 0.26 0.32 0.37 0.32 0.45 0.32 0.26 0.32 0.37 0.33 0.46 0.0 0.0 0.0 0.0 0.0 0.0 0.0 0.0
0.17 0.12 0.15 0.16 0.17 0.16 0.2 0.22 0.0 0.0 0.13 0.16 0.12 0.22 0.13 0.24 0.16 0.27 0.17 0.37 0.17 0.45 0.13 0.27 0.13 0.36 0.13 0.45 0.17 0.11 0.0 0.0 0.15 0.12 0.0 0.0 0.0 0.0 0.0 0.0 0.0 0.0 0.0 0.0 0.0 0.0 0.33 0.14 0.29 0.17 0.26 0.14 0.0 0.0 0.0 0.0 0.0 0.0 0.0 0.0 0.0 0.0 0.0 0.0 0.0 0.0 0.31 0.1 0.0 0.0 0.32 0.1 0.31 0.1 0.33 0.14 0.0 0.0 0.0 0.0 0.0 0.0 0.0 0.0 0.0 0.0 0.0 0.0 0.32 0.26 0.32 0.37 0.32 0.45 0.32 0.26 0.32 0.37 0.33 0.46 0.0 0.0 0.0 0.0 0.0 0.0 0.0 0.0
0.17 0.12 0.15 0.16 0.17 0.16 0.2 0.22 0.0 0.0 0.13 0.16 0.12 0.22 0.13 0.24 0.16 0.27 0.17 0.37 0.17 0.45 0.13 0.27 0.13 0.36 0.13 0.45 0.17 0.11 0.0 0.0 0.15 0.12 0.0 0.0 0.0 0.0 0.0 0.0 0.0 0.0 0.0 0.0 0.0 0.0 0.33 0.14 0.29 0.17 0.26 0.14 0.0 0.0 0.0 0.0 0.0 0.0 0.0 0.0 0.0 0.0 0.0 0.0 0.0 0.0 0.31 0.1 0.0 0.0 0.32 0.1 0.31 0.1 0.33 0.14 0.0 0.0 0.0 0.0 0.0 0.0 0.0 0.0 0.0 0.0 0.0 0.0 0.32 0.26 0.32 0.37 0.32 0.45 0.32 0.26 0.32 0.37 0.33 0.46 0.0 0.0 0.0 0.0 0.0 0.0 0.0 0.0
0.17 0.12 0.15 0.16 0.17 0.16 0.2 0.22 0.0 0.0 0.13 0.16 0.12 0.22 0.13 0.24 0.16 0.27 0.17 0.36 0.17 0.45 0.13 0.27 0.13 0.36 0.13 0.44 0.17 0.11 0.0 0.0 0.15 0.12 0.0 0.0 0.0 0.0 0.0 0.0 0.0 0.0 0.0 0.0 0.0 0.0 0.33 0.14 0.29 0.17 0.26 0.14 0.0 0.0 0.0 0.0 0.0 0.0 0.0 0.0 0.0 0.0 0.0 0.0 0.0 0.0 0.31 0.1 0.0 0.0 0.32 0.1 0.31 0.1 0.33 0.14 0.0 0.0 0.0 0.0 0.0 0.0 0.0 0.0 0.0 0.0 0.0 0.0 0.32 0.26 0.32 0.37 0.32 0.45 0.32 0.26 0.32 0.37 0.33 0.46 0.0 0.0 0.0 0.0 0.0 0.0 0.0 0.0
0.17 0.12 0.15 0.16 0.17 0.16 0.2 0.23 0.0 0.0 0.13 0.16 0.12 0.22 0.13 0.24 0.16 0.27 0.17 0.36 0.17 0.45 0.13 0.27 0.13 0.36 0.13 0.44 0.17 0.11 0.0 0.0 0.15 0.12 0.0 0.0 0.0 0.0 0.0 0.0 0.0 0.0 0.0 0.0 0.0 0.0 0.33 0.14 0.29 0.17 0.26 0.14 0.0 0.0 0.0 0.0 0.0 0.0 0.0 0.0 0.0 0.0 0.0 0.0 0.0 0.0 0.31 0.1 0.0 0.0 0.32 0.1 0.31 0.1 0.33 0.14 0.0 0.0 0.0 0.0 0.0 0.0 0.0 0.0 0.0 0.0 0.0 0.0 0.32 0.26 0.32 0.37 0.32 0.45 0.32 0.26 0.32 0.37 0.33 0.46 0.0 0.0 0.0 0.0 0.0 0.0 0.0 0.0
0.17 0.12 0.15 0.16 0.17 0.16 0.2 0.23 0.0 0.0 0.13 0.16 0.12 0.22 0.13 0.24 0.16 0.27 0.17 0.36 0.17 0.45 0.13 0.27 0.13 0.35 0.12 0.44 0.17 0.11 0.0 0.0 0.15 0.12 0.0 0.0 0.0 0.0 0.0 0.0 0.0 0.0 0.0 0.0 0.0 0.0 0.33 0.14 0.29 0.17 0.26 0.14 0.0 0.0 0.0 0.0 0.0 0.0 0.0 0.0 0.0 0.0 0.0 0.0 0.0 0.0 0.31 0.1 0.0 0.0 0.32 0.1 0.31 0.1 0.33 0.14 0.0 0.0 0.0 0.0 0.0 0.0 0.0 0.0 0.0 0.0 0.0 0.0 0.32 0.26 0.32 0.37 0.32 0.45 0.32 0.26 0.32 0.37 0.33 0.46 0.0 0.0 0.0 0.0 0.0 0.0 0.0 0.0
0.17 0.12 0.15 0.16 0.17 0.16 0.2 0.23 0.0 0.0 0.13 0.16 0.12 0.22 0.0 0.0 0.16 0.27 0.17 0.37 0.17 0.45 0.13 0.27 0.13 0.36 0.12 0.44 0.17 0.11 0.0 0.0 0.15 0.12 0.0 0.0 0.0 0.0 0.0 0.0 0.0 0.0 0.0 0.0 0.0 0.0 0.33 0.14 0.29 0.17 0.26 0.14 0.0 0.0 0.0 0.0 0.0 0.0 0.0 0.0 0.0 0.0 0.0 0.0 0.0 0.0 0.31 0.1 0.0 0.0 0.32 0.1 0.31 0.1 0.33 0.14 0.0 0.0 0.0 0.0 0.0 0.0 0.0 0.0 0.0 0.0 0.0 0.0 0.32 0.26 0.32 0.37 0.32 0.45 0.32 0.26 0.32 0.37 0.33 0.46 0.0 0.0 0.0 0.0 0.0 0.0 0.0 0.0
0.17 0.12 0.15 0.16 0.17 0.16 0.2 0.23 0.0 0.0 0.13 0.16 0.12 0.23 0.0 0.0 0.16 0.27 0.17 0.37 0.17 0.45 0.13 0.27 0.13 0.36 0.12 0.44 0.17 0.11 0.0 0.0 0.15 0.12 0.0 0.0 0.0 0.0 0.0 0.0 0.0 0.0 0.0 0.0 0.0 0.0 0.33 0.14 0.29 0.17 0.26 0.14 0.0 0.0 0.0 0.0 0.0 0.0 0.0 0.0 0.0 0.0 0.0 0.0 0.0 0.0 0.31 0.1 0.0 0.0 0.32 0.1 0.31 0.1 0.33 0.14 0.0 0.0 0.0 0.0 0.0 0.0 0.0 0.0 0.0 0.0 0.0 0.0 0.32 0.26 0.32 0.37 0.32 0.45 0.32 0.26 0.32 0.37 0.33 0.46 0.0 0.0 0.0 0.0 0.0 0.0 0.0 0.0
0.17 0.12 0.15 0.16 0.17 0.16 0.2 0.23 0.0 0.0 0.13 0.16 0.12 0.22 0.0 0.0 0.16 0.27 0.17 0.37 0.17 0.45 0.13 0.27 0.13 0.36 0.12 0.44 0.17 0.11 0.0 0.0 0.15 0.12 0.0 0.0 0.0 0.0 0.0 0.0 0.0 0.0 0.0 0.0 0.0 0.0 0.33 0.14 0.29 0.17 0.26 0.14 0.0 0.0 0.0 0.0 0.0 0.0 0.0 0.0 0.0 0.0 0.0 0.0 0.0 0.0 0.31 0.1 0.0 0.0 0.32 0.1 0.31 0.1 0.33 0.14 0.0 0.0 0.0 0.0 0.0 0.0 0.0 0.0 0.0 0.0 0.0 0.0 0.32 0.26 0.32 0.37 0.32 0.45 0.32 0.26 0.32 0.37 0.33 0.46 0.0 0.0 0.0 0.0 0.0 0.0 0.0 0.0
0.17 0.12 0.15 0.16 0.16 0.16 0.2 0.23 0.0 0.0 0.13 0.16 0.12 0.23 0.0 0.0 0.16 0.27 0.17 0.37 0.17 0.45 0.13 0.27 0.13 0.36 0.12 0.44 0.17 0.11 0.0 0.0 0.15 0.12 0.0 0.0 0.0 0.0 0.0 0.0 0.0 0.0 0.0 0.0 0.0 0.0 0.33 0.14 0.29 0.17 0.26 0.14 0.0 0.0 0.0 0.0 0.0 0.0 0.0 0.0 0.0 0.0 0.0 0.0 0.0 0.0 0.31 0.1 0.0 0.0 0.32 0.1 0.31 0.1 0.33 0.14 0.0 0.0 0.0 0.0 0.0 0.0 0.0 0.0 0.0 0.0 0.0 0.0 0.32 0.26 0.32 0.37 0.32 0.45 0.32 0.26 0.32 0.37 0.33 0.46 0.0 0.0 0.0 0.0 0.0 0.0 0.0 0.0
0.17 0.12 0.15 0.16 0.16 0.16 0.2 0.23 0.0 0.0 0.13 0.16 0.12 0.22 0.0 0.0 0.16 0.27 0.17 0.37 0.17 0.45 0.13 0.27 0.13 0.36 0.12 0.44 0.16 0.11 0.0 0.0 0.15 0.12 0.0 0.0 0.0 0.0 0.0 0.0 0.0 0.0 0.0 0.0 0.0 0.0 0.33 0.14 0.29 0.17 0.26 0.14 0.0 0.0 0.0 0.0 0.0 0.0 0.0 0.0 0.0 0.0 0.0 0.0 0.0 0.0 0.31 0.1 0.0 0.0 0.32 0.1 0.31 0.1 0.33 0.14 0.0 0.0 0.0 0.0 0.0 0.0 0.0 0.0 0.0 0.0 0.0 0.0 0.32 0.26 0.32 0.37 0.32 0.45 0.32 0.26 0.32 0.37 0.33 0.46 0.0 0.0 0.0 0.0 0.0 0.0 0.0 0.0
0.17 0.12 0.14 0.16 0.16 0.16 0.2 0.24 0.0 0.0 0.13 0.16 0.12 0.22 0.0 0.0 0.16 0.27 0.17 0.37 0.17 0.45 0.13 0.27 0.13 0.36 0.12 0.44 0.16 0.11 0.0 0.0 0.15 0.12 0.0 0.0 0.0 0.0 0.0 0.0 0.0 0.0 0.0 0.0 0.0 0.0 0.33 0.14 0.29 0.17 0.26 0.14 0.0 0.0 0.0 0.0 0.0 0.0 0.0 0.0 0.0 0.0 0.0 0.0 0.0 0.0 0.31 0.1 0.0 0.0 0.32 0.1 0.31 0.1 0.33 0.14 0.0 0.0 0.0 0.0 0.0 0.0 0.0 0.0 0.0 0.0 0.0 0.0 0.32 0.26 0.32 0.37 0.32 0.45 0.32 0.26 0.32 0.37 0.33 0.46 0.0 0.0 0.0 0.0 0.0 0.0 0.0 0.0
0.17 0.12 0.14 0.16 0.16 0.16 0.19 0.23 0.0 0.0 0.12 0.17 0.12 0.22 0.0 0.0 0.16 0.28 0.17 0.37 0.17 0.45 0.13 0.27 0.13 0.36 0.12 0.44 0.16 0.11 0.0 0.0 0.15 0.12 0.0 0.0 0.0 0.0 0.0 0.0 0.0 0.0 0.0 0.0 0.0 0.0 0.33 0.14 0.29 0.17 0.26 0.14 0.0 0.0 0.0 0.0 0.0 0.0 0.0 0.0 0.0 0.0 0.0 0.0 0.0 0.0 0.31 0.1 0.0 0.0 0.32 0.1 0.31 0.1 0.33 0.14 0.0 0.0 0.0 0.0 0.0 0.0 0.0 0.0 0.0 0.0 0.0 0.0 0.32 0.26 0.32 0.37 0.32 0.45 0.32 0.26 0.32 0.37 0.33 0.46 0.0 0.0 0.0 0.0 0.0 0.0 0.0 0.0
0.17 0.12 0.14 0.16 0.15 0.16 0.18 0.22 0.2 0.24 0.12 0.16 0.12 0.22 0.0 0.0 0.15 0.28 0.17 0.36 0.17 0.45 0.13 0.27 0.13 0.35 0.12 0.44 0.16 0.12 0.0 0.0 0.15 0.12 0.0 0.0 0.0 0.0 0.0 0.0 0.0 0.0 0.0 0.0 0.0 0.0 0.33 0.14 0.29 0.17 0.26 0.14 0.0 0.0 0.0 0.0 0.0 0.0 0.0 0.0 0.0 0.0 0.0 0.0 0.0 0.0 0.31 0.1 0.0 0.0 0.32 0.1 0.31 0.1 0.33 0.14 0.0 0.0 0.0 0.0 0.0 0.0 0.0 0.0 0.0 0.0 0.0 0.0 0.32 0.26 0.32 0.37 0.32 0.45 0.32 0.26 0.32 0.37 0.33 0.46 0.0 0.0 0.0 0.0 0.0 0.0 0.0 0.0
0.16 0.12 0.14 0.16 0.15 0.16 0.18 0.23 0.2 0.24 0.12 0.16 0.12 0.22 0.0 0.0 0.15 0.28 0.17 0.36 0.17 0.45 0.13 0.27 0.13 0.36 0.12 0.44 0.16 0.11 0.0 0.0 0.15 0.12 0.0 0.0 0.0 0.0 0.0 0.0 0.0 0.0 0.0 0.0 0.0 0.0 0.33 0.14 0.29 0.17 0.26 0.14 0.0 0.0 0.0 0.0 0.0 0.0 0.0 0.0 0.0 0.0 0.0 0.0 0.0 0.0 0.31 0.1 0.0 0.0 0.32 0.1 0.31 0.1 0.33 0.14 0.0 0.0 0.0 0.0 0.0 0.0 0.0 0.0 0.0 0.0 0.0 0.0 0.32 0.26 0.32 0.37 0.32 0.45 0.32 0.26 0.32 0.37 0.33 0.46 0.0 0.0 0.0 0.0 0.0 0.0 0.0 0.0
0.16 0.12 0.14 0.16 0.15 0.16 0.18 0.23 0.2 0.25 0.12 0.16 0.0 0.0 0.0 0.0 0.15 0.28 0.17 0.36 0.17 0.45 0.13 0.28 0.12 0.36 0.12 0.45 0.16 0.12 0.0 0.0 0.15 0.12 0.0 0.0 0.0 0.0 0.0 0.0 0.0 0.0 0.0 0.0 0.0 0.0 0.33 0.14 0.29 0.17 0.26 0.14 0.0 0.0 0.0 0.0 0.0 0.0 0.0 0.0 0.0 0.0 0.0 0.0 0.0 0.0 0.31 0.1 0.0 0.0 0.32 0.1 0.31 0.1 0.33 0.14 0.0 0.0 0.0 0.0 0.0 0.0 0.0 0.0 0.0 0.0 0.0 0.0 0.32 0.26 0.32 0.37 0.32 0.45 0.32 0.26 0.32 0.37 0.33 0.46 0.0 0.0 0.0 0.0 0.0 0.0 0.0 0.0
0.16 0.12 0.13 0.16 0.15 0.16 0.18 0.23 0.0 0.0 0.12 0.16 0.0 0.0 0.0 0.0 0.15 0.28 0.17 0.36 0.17 0.45 0.13 0.28 0.12 0.36 0.12 0.45 0.16 0.12 0.0 0.0 0.15 0.12 0.0 0.0 0.0 0.0 0.0 0.0 0.0 0.0 0.0 0.0 0.0 0.0 0.33 0.14 0.29 0.17 0.26 0.14 0.0 0.0 0.0 0.0 0.0 0.0 0.0 0.0 0.0 0.0 0.0 0.0 0.0 0.0 0.31 0.1 0.0 0.0 0.32 0.1 0.31 0.1 0.33 0.14 0.0 0.0 0.0 0.0 0.0 0.0 0.0 0.0 0.0 0.0 0.0 0.0 0.32 0.26 0.32 0.37 0.32 0.45 0.32 0.26 0.32 0.37 0.33 0.46 0.0 0.0 0.0 0.0 0.0 0.0 0.0 0.0
