0.27 0.2 0.29 0.23 0.27 0.22 0.26 0.24 0.26 0.26 0.3 0.23 0.3 0.26 0.28 0.26 0.27 0.28 0.27 0.33 0.26 0.38 0.29 0.29 0.29 0.34 0.29 0.38 0.0 0.0 0.28 0.2 0.0 0.0 0.29 0.2 0.18 0.19 0.17 0.22 0.17 0.22 0.17 0.26 0.18 0.29 0.18 0.21 0.2 0.22 0.21 0.22 0.17 0.28 0.17 0.34 0.17 0.39 0.18 0.28 0.18 0.33 0.18 0.37 0.18 0.19 0.0 0.0 0.17 0.19 0.0 0.0
0.28 0.2 0.29 0.23 0.27 0.22 0.26 0.24 0.26 0.26 0.3 0.23 0.3 0.26 0.29 0.26 0.27 0.28 0.27 0.33 0.26 0.38 0.29 0.28 0.29 0.34 0.29 0.38 0.0 0.0 0.28 0.2 0.0 0.0 0.29 0.2 0.18 0.19 0.17 0.22 0.17 0.22 0.17 0.26 0.18 0.29 0.18 0.21 0.2 0.22 0.21 0.22 0.18 0.28 0.17 0.34 0.17 0.39 0.18 0.28 0.18 0.33 0.18 0.37 0.18 0.19 0.0 0.0 0.17 0.19 0.0 0.0
0.28 0.2 0.29 0.23 0.27 0.22 0.26 0.24 0.26 0.25 0.3 0.23 0.31 0.26 0.29 0.26 0.27 0.28 0.27 0.33 0.26 0.38 0.29 0.29 0.29 0.34 0.29 0.38 0.0 0.0 0.28 0.2 0.0 0.0 0.29 0.2 0.18 0.19 0.17 0.22 0.17 0.22 0.17 0.26 0.18 0.29 0.18 0.21 0.2 0.22 0.21 0.22 0.17 0.28 0.17 0.34 0.17 0.39 0.18 0.28 0.18 0.33 0.18 0.37 0.18 0.19 0.0 0.0 0.17 0.19 0.0 0.0
0.28 0.2 0.29 0.23 0.27 0.22 0.26 0.24 0.26 0.25 0.3 0.23 0.31 0.26 0.29 0.26 0.27 0.28 0.27 0.33 0.26 0.38 0.29 0.29 0.29 0.34 0.29 0.38 0.0 0.0 0.28 0.2 0.0 0.0 0.29 0.2 0.18 0.19 0.17 0.22 0.17 0.22 0.17 0.26 0.18 0.29 0.18 0.21 0.2 0.22 0.21 0.22 0.18 0.28 0.18 0.34 0.17 0.39 0.18 0.28 0.18 0.33 0.18 0.37 0.18 0.19 0.0 0.0 0.17 0.19 0.0 0.0
0.28 0.2 0.29 0.23 0.27 0.22 0.26 0.24 0.26 0.25 0.3 0.23 0.31 0.26 0.29 0.27 0.27 0.28 0.27 0.33 0.26 0.38 0.29 0.28 0.29 0.34 0.29 0.38 0.0 0.0 0.29 0.2 0.0 0.0 0.29 0.2 0.18 0.19 0.17 0.22 0.17 0.22 0.17 0.26 0.18 0.29 0.18 0.21 0.2 0.22 0.21 0.22 0.17 0.28 0.18 0.34 0.17 0.39 0.18 0.28 0.18 0.33 0.18 0.37 0.18 0.19 0.0 0.0 0.17 0.19 0.0 0.0
0.28 0.2 0.29 0.23 0.27 0.22 0.26 0.24 0.26 0.25 0.3 0.23 0.31 0.26 0.3 0.27 0.27 0.28 0.27 0.33 0.26 0.38 0.29 0.28 0.29 0.34 0.29 0.38 0.0 0.0 0.29 0.2 0.0 0.0 0.29 0.2 0.18 0.19 0.17 0.22 0.17 0.22 0.17 0.26 0.18 0.29 0.18 0.21 0.2 0.22 0.21 0.22 0.18 0.28 0.18 0.34 0.17 0.39 0.18 0.28 0.18 0.33 0.18 0.37 0.18 0.19 0.0 0.0 0.17 0.19 0.0 0.0
0.29 0.2 0.29 0.23 0.27 0.22 0.26 0.24 0.26 0.25 0.31 0.23 0.31 0.26 0.31 0.27 0.27 0.28 0.27 0.33 0.26 0.38 0.29 0.28 0.29 0.34 0.29 0.38 0.0 0.0 0.29 0.2 0.0 0.0 0.29 0.21 0.18 0.19 0.17 0.22 0.17 0.22 0.17 0.26 0.18 0.29 0.18 0.21 0.2 0.22 0.21 0.22 0.18 0.28 0.18 0.34 0.17 0.39 0.18 0.28 0.18 0.33 0.18 0.37 0.18 0.19 0.0 0.0 0.17 0.19 0.0 0.0
0.18 0.19 0.17 0.22 0.17 0.22 0.17 0.26 0.18 0.29 0.18 0.21 0.2 0.22 0.21 0.22 0.18 0.28 0.18 0.34 0.17 0.39 0.18 0.28 0.18 0.33 0.18 0.37 0.18 0.19 0.0 0.0 0.17 0.19 0.0 0.0 0.29 0.2 0.29 0.23 0.28 0.22 0.26 0.24 0.26 0.25 0.31 0.23 0.31 0.26 0.31 0.27 0.27 0.28 0.27 0.33 0.26 0.38 0.29 0.29 0.29 0.34 0.29 0.38 0.0 0.0 0.29 0.2 0.0 0.0 0.3 0.21
0.29 0.21 0.29 0.23 0.28 0.23 0.26 0.24 0.26 0.25 0.31 0.23 0.31 0.26 0.31 0.27 0.27 0.28 0.27 0.33 0.26 0.38 0.29 0.29 0.3 0.34 0.29 0.38 0.29 0.2 0.29 0.2 0.0 0.0 0.3 0.21 0.18 0.19 0.17 0.22 0.17 0.22 0.17 0.26 0.18 0.29 0.18 0.21 0.2 0.22 0.21 0.22 0.18 0.28 0.18 0.34 0.17 0.39 0.18 0.28 0.18 0.33 0.18 0.37 0.18 0.19 0.0 0.0 0.17 0.19 0.0 0.0
0.29 0.21 0.29 0.23 0.28 0.23 0.27 0.24 0.26 0.25 0.31 0.24 0.32 0.25 0.32 0.27 0.27 0.28 0.27 0.33 0.26 0.38 0.29 0.29 0.3 0.34 0.29 0.38 0.29 0.2 0.29 0.2 0.0 0.0 0.3 0.21 0.18 0.19 0.17 0.22 0.17 0.22 0.17 0.26 0.18 0.29 0.18 0.21 0.2 0.22 0.21 0.22 0.18 0.28 0.18 0.34 0.17 0.39 0.18 0.28 0.18 0.33 0.18 0.37 0.18 0.19 0.0 0.0 0.17 0.19 0.0 0.0
0.29 0.21 0.3 0.23 0.29 0.23 0.27 0.24 0.25 0.26 0.31 0.24 0.32 0.25 0.32 0.27 0.27 0.28 0.27 0.33 0.26 0.38 0.29 0.29 0.3 0.35 0.29 0.38 0.0 0.0 0.29 0.21 0.0 0.0 0.31 0.21 0.18 0.19 0.17 0.22 0.17 0.22 0.17 0.26 0.18 0.29 0.18 0.21 0.2 0.22 0.21 0.22 0.18 0.28 0.18 0.34 0.17 0.39 0.18 0.28 0.18 0.33 0.18 0.37 0.18 0.19 0.18 0.17 0.17 0.19 0.0 0.0
0.29 0.21 0.3 0.24 0.29 0.23 0.27 0.24 0.26 0.25 0.31 0.24 0.32 0.26 0.33 0.27 0.27 0.29 0.27 0.33 0.26 0.38 0.29 0.29 0.29 0.34 0.29 0.39 0.0 0.0 0.3 0.21 0.0 0.0 0.31 0.22 0.18 0.19 0.17 0.22 0.17 0.22 0.17 0.26 0.18 0.29 0.18 0.21 0.2 0.22 0.21 0.21 0.18 0.28 0.18 0.34 0.17 0.39 0.18 0.28 0.18 0.33 0.18 0.37 0.18 0.19 0.18 0.17 0.17 0.19 0.0 0.0
0.3 0.21 0.31 0.24 0.29 0.23 0.27 0.24 0.26 0.25 0.32 0.24 0.33 0.26 0.33 0.28 0.28 0.28 0.27 0.34 0.26 0.38 0.29 0.29 0.29 0.34 0.29 0.39 0.0 0.0 0.3 0.21 0.0 0.0 0.31 0.22 0.18 0.19 0.17 0.22 0.17 0.22 0.17 0.26 0.18 0.29 0.18 0.21 0.2 0.22 0.21 0.22 0.18 0.28 0.18 0.34 0.17 0.39 0.18 0.28 0.18 0.33 0.18 0.37 0.18 0.19 0.18 0.17 0.17 0.19 0.0 0.0
0.3 0.22 0.31 0.24 0.29 0.23 0.27 0.24 0.26 0.24 0.32 0.25 0.33 0.27 0.32 0.28 0.28 0.28 0.27 0.33 0.26 0.37 0.3 0.29 0.29 0.34 0.29 0.38 0.3 0.21 0.31 0.21 0.0 0.0 0.31 0.22 0.18 0.19 0.17 0.22 0.17 0.22 0.17 0.26 0.18 0.29 0.18 0.21 0.2 0.22 0.21 0.21 0.18 0.28 0.18 0.34 0.17 0.39 0.18 0.28 0.18 0.33 0.18 0.37 0.18 0.19 0.0 0.0 0.17 0.19 0.0 0.0
0.31 0.22 0.31 0.24 0.29 0.23 0.27 0.24 0.27 0.24 0.32 0.25 0.32 0.28 0.31 0.28 0.28 0.28 0.27 0.33 0.26 0.37 0.29 0.29 0.29 0.34 0.29 0.39 0.31 0.21 0.31 0.22 0.0 0.0 0.32 0.22 0.18 0.19 0.17 0.22 0.17 0.22 0.17 0.26 0.18 0.29 0.18 0.21 0.2 0.22 0.21 0.22 0.18 0.28 0.18 0.34 0.17 0.39 0.18 0.28 0.18 0.33 0.18 0.37 0.18 0.19 0.0 0.0 0.17 0.19 0.0 0.0
0.31 0.22 0.31 0.24 0.3 0.23 0.27 0.24 0.0 0.0 0.32 0.25 0.32 0.29 0.31 0.28 0.28 0.28 0.27 0.33 0.26 0.36 0.29 0.29 0.29 0.34 0.29 0.38 0.0 0.0 0.31 0.22 0.0 0.0 0.32 0.22 0.18 0.19 0.17 0.22 0.17 0.22 0.17 0.26 0.18 0.29 0.18 0.21 0.2 0.22 0.21 0.21 0.18 0.28 0.18 0.34 0.17 0.39 0.18 0.28 0.18 0.33 0.18 0.37 0.18 0.19 0.0 0.0 0.17 0.19 0.0 0.0
0.31 0.22 0.31 0.24 0.3 0.23 0.27 0.23 0.28 0.23 0.32 0.26 0.31 0.29 0.3 0.28 0.28 0.27 0.27 0.31 0.26 0.34 0.29 0.29 0.29 0.34 0.29 0.39 0.0 0.0 0.31 0.22 0.0 0.0 0.32 0.23 0.18 0.19 0.17 0.22 0.17 0.22 0.17 0.26 0.18 0.29 0.18 0.21 0.2 0.22 0.21 0.21 0.18 0.28 0.18 0.34 0.17 0.39 0.18 0.28 0.18 0.33 0.18 0.37 0.18 0.19 0.0 0.0 0.17 0.19 0.0 0.0
0.31 0.22 0.31 0.24 0.3 0.23 0.28 0.23 0.27 0.23 0.32 0.26 0.31 0.28 0.3 0.28 0.28 0.27 0.27 0.29 0.25 0.33 0.29 0.29 0.29 0.34 0.29 0.38 0.0 0.0 0.31 0.22 0.0 0.0 0.32 0.23 0.18 0.19 0.17 0.22 0.17 0.22 0.17 0.26 0.18 0.29 0.18 0.21 0.2 0.22 0.21 0.21 0.18 0.28 0.18 0.34 0.17 0.39 0.18 0.28 0.18 0.33 0.18 0.37 0.18 0.19 0.0 0.0 0.17 0.19 0.0 0.0
0.31 0.22 0.31 0.24 0.3 0.23 0.29 0.23 0.28 0.22 0.32 0.26 0.3 0.29 0.29 0.28 0.28 0.27 0.24 0.29 0.24 0.29 0.29 0.29 0.29 0.34 0.29 0.38 0.0 0.0 0.31 0.22 0.0 0.0 0.32 0.23 0.18 0.19 0.17 0.22 0.17 0.22 0.17 0.26 0.18 0.29 0.18 0.21 0.2 0.22 0.21 0.21 0.18 0.28 0.18 0.34 0.17 0.39 0.18 0.28 0.18 0.33 0.18 0.37 0.18 0.19 0.0 0.0 0.17 0.19 0.0 0.0
0.31 0.23 0.31 0.25 0.3 0.23 0.29 0.23 0.28 0.22 0.32 0.26 0.31 0.29 0.29 0.31 0.28 0.27 0.28 0.26 0.23 0.26 0.29 0.29 0.29 0.35 0.29 0.38 0.31 0.22 0.31 0.22 0.0 0.0 0.32 0.23 0.18 0.19 0.17 0.22 0.17 0.22 0.17 0.26 0.18 0.29 0.18 0.21 0.2 0.22 0.21 0.21 0.18 0.28 0.18 0.34 0.17 0.39 0.18 0.28 0.18 0.33 0.18 0.37 0.18 0.19 0.0 0.0 0.17 0.19 0.0 0.0
0.31 0.23 0.31 0.25 0.31 0.23 0.29 0.23 0.28 0.22 0.32 0.27 0.31 0.29 0.29 0.31 0.28 0.26 0.24 0.23 0.24 0.23 0.29 0.29 0.29 0.34 0.29 0.38 0.31 0.22 0.32 0.23 0.0 0.0 0.32 0.23 0.18 0.19 0.17 0.22 0.17 0.22 0.17 0.26 0.18 0.29 0.18 0.21 0.2 0.22 0.21 0.21 0.18 0.28 0.18 0.34 0.17 0.39 0.18 0.27 0.18 0.33 0.18 0.37 0.18 0.19 0.0 0.0 0.17 0.19 0.0 0.0
0.31 0.23 0.31 0.25 0.31 0.24 0.27 0.23 0.24 0.21 0.32 0.27 0.0 0.0 0.0 0.0 0.29 0.28 0.29 0.34 0.29 0.38 0.29 0.31 0.29 0.34 0.29 0.38 0.0 0.0 0.32 0.23 0.0 0.0 0.32 0.24 0.18 0.19 0.17 0.22 0.17 0.22 0.17 0.26 0.18 0.29 0.18 0.21 0.2 0.22 0.21 0.21 0.18 0.28 0.18 0.34 0.17 0.39 0.18 0.27 0.18 0.33 0.18 0.37 0.18 0.19 0.0 0.0 0.17 0.19 0.0 0.0
0.31 0.23 0.31 0.26 0.31 0.24 0.29 0.23 0.24 0.19 0.32 0.28 0.33 0.32 0.32 0.33 0.28 0.28 0.0 0.0 0.0 0.0 0.29 0.31 0.29 0.34 0.29 0.38 0.0 0.0 0.32 0.23 0.0 0.0 0.32 0.24 0.18 0.19 0.17 0.22 0.17 0.22 0.17 0.26 0.18 0.29 0.18 0.21 0.2 0.22 0.21 0.21 0.18 0.28 0.18 0.34 0.17 0.39 0.18 0.28 0.18 0.33 0.18 0.37 0.18 0.19 0.0 0.0 0.17 0.19 0.0 0.0
0.32 0.24 0.32 0.26 0.31 0.25 0.29 0.24 0.25 0.19 0.33 0.28 0.33 0.31 0.32 0.32 0.29 0.29 0.28 0.26 0.0 0.0 0.31 0.32 0.0 0.0 0.0 0.0 0.32 0.23 0.32 0.24 0.0 0.0 0.33 0.24 0.18 0.19 0.17 0.22 0.17 0.22 0.17 0.26 0.18 0.29 0.18 0.21 0.2 0.22 0.21 0.21 0.18 0.28 0.18 0.34 0.17 0.38 0.18 0.28 0.18 0.33 0.18 0.37 0.18 0.19 0.0 0.0 0.17 0.19 0.0 0.0
0.32 0.24 0.32 0.26 0.31 0.25 0.28 0.25 0.26 0.22 0.33 0.28 0.32 0.31 0.32 0.31 0.29 0.28 0.0 0.0 0.0 0.0 0.3 0.31 0.0 0.0 0.0 0.0 0.0 0.0 0.32 0.24 0.0 0.0 0.33 0.25 0.18 0.19 0.17 0.22 0.17 0.22 0.17 0.26 0.18 0.29 0.18 0.21 0.2 0.21 0.21 0.2 0.18 0.28 0.18 0.34 0.17 0.39 0.18 0.28 0.18 0.33 0.18 0.37 0.18 0.19 0.0 0.0 0.17 0.19 0.0 0.0
0.18 0.19 0.17 0.22 0.17 0.22 0.17 0.26 0.17 0.29 0.18 0.21 0.2 0.21 0.21 0.2 0.18 0.28 0.18 0.34 0.17 0.39 0.18 0.28 0.18 0.33 0.18 0.37 0.18 0.19 0.0 0.0 0.17 0.19 0.0 0.0 0.32 0.25 0.32 0.26 0.31 0.25 0.29 0.25 0.28 0.26 0.33 0.28 0.0 0.0 0.0 0.0 0.28 0.26 0.26 0.23 0.0 0.0 0.29 0.28 0.29 0.33 0.29 0.38 0.32 0.24 0.32 0.24 0.0 0.0 0.33 0.25
0.32 0.25 0.32 0.27 0.31 0.26 0.28 0.26 0.26 0.22 0.33 0.28 0.0 0.0 0.0 0.0 0.29 0.27 0.0 0.0 0.0 0.0 0.29 0.29 0.28 0.31 0.29 0.38 0.0 0.0 0.32 0.25 0.0 0.0 0.33 0.26 0.18 0.19 0.17 0.21 0.17 0.22 0.17 0.26 0.18 0.29 0.18 0.21 0.2 0.21 0.21 0.2 0.18 0.28 0.18 0.34 0.17 0.39 0.18 0.28 0.18 0.33 0.18 0.37 0.18 0.19 0.0 0.0 0.17 0.19 0.0 0.0
0.32 0.25 0.32 0.27 0.31 0.26 0.29 0.26 0.29 0.29 0.33 0.28 0.0 0.0 0.0 0.0 0.29 0.27 0.28 0.33 0.29 0.38 0.29 0.28 0.28 0.33 0.29 0.38 0.0 0.0 0.32 0.25 0.0 0.0 0.33 0.26 0.18 0.19 0.17 0.21 0.17 0.22 0.17 0.26 0.17 0.29 0.18 0.21 0.2 0.21 0.21 0.2 0.18 0.28 0.18 0.34 0.17 0.38 0.18 0.28 0.18 0.33 0.18 0.37 0.18 0.19 0.18 0.17 0.17 0.19 0.0 0.0
0.32 0.26 0.32 0.27 0.31 0.26 0.29 0.26 0.26 0.24 0.33 0.28 0.0 0.0 0.0 0.0 0.29 0.27 0.0 0.0 0.0 0.0 0.29 0.29 0.29 0.33 0.29 0.38 0.32 0.25 0.32 0.26 0.0 0.0 0.33 0.26 0.18 0.19 0.17 0.22 0.17 0.22 0.17 0.26 0.17 0.29 0.18 0.21 0.2 0.22 0.21 0.2 0.18 0.28 0.18 0.34 0.17 0.39 0.18 0.28 0.18 0.33 0.18 0.37 0.18 0.19 0.18 0.17 0.17 0.19 0.0 0.0
0.32 0.26 0.32 0.27 0.31 0.26 0.29 0.26 0.0 0.0 0.33 0.29 0.0 0.0 0.0 0.0 0.29 0.27 0.0 0.0 0.0 0.0 0.29 0.29 0.29 0.34 0.29 0.38 0.32 0.25 0.32 0.26 0.0 0.0 0.33 0.27 0.18 0.19 0.17 0.22 0.17 0.22 0.17 0.26 0.17 0.29 0.18 0.21 0.2 0.22 0.21 0.2 0.18 0.28 0.18 0.34 0.17 0.38 0.18 0.28 0.18 0.33 0.18 0.37 0.18 0.19 0.18 0.17 0.17 0.19 0.0 0.0
0.32 0.26 0.32 0.27 0.31 0.26 0.29 0.26 0.0 0.0 0.32 0.29 0.31 0.32 0.31 0.32 0.29 0.27 0.26 0.25 0.26 0.24 0.29 0.29 0.29 0.31 0.29 0.38 0.32 0.25 0.32 0.26 0.0 0.0 0.33 0.27 0.18 0.19 0.17 0.22 0.17 0.22 0.17 0.26 0.17 0.29 0.18 0.21 0.2 0.22 0.21 0.2 0.18 0.28 0.18 0.34 0.17 0.39 0.18 0.28 0.18 0.33 0.18 0.37 0.18 0.19 0.18 0.17 0.17 0.19 0.0 0.0
0.32 0.26 0.32 0.27 0.31 0.26 0.29 0.26 0.0 0.0 0.32 0.29 0.31 0.32 0.3 0.33 0.28 0.26 0.26 0.25 0.26 0.24 0.29 0.29 0.29 0.34 0.29 0.38 0.32 0.25 0.32 0.26 0.0 0.0 0.33 0.27 0.18 0.19 0.17 0.22 0.17 0.22 0.17 0.26 0.17 0.29 0.18 0.21 0.2 0.22 0.21 0.2 0.18 0.28 0.18 0.34 0.17 0.39 0.18 0.28 0.18 0.33 0.18 0.37 0.18 0.19 0.18 0.17 0.17 0.19 0.0 0.0
0.32 0.26 0.32 0.27 0.31 0.26 0.29 0.26 0.29 0.28 0.32 0.29 0.31 0.32 0.31 0.33 0.28 0.26 0.26 0.24 0.0 0.0 0.29 0.29 0.29 0.34 0.29 0.38 0.32 0.25 0.32 0.26 0.0 0.0 0.33 0.27 0.18 0.19 0.17 0.22 0.17 0.22 0.17 0.26 0.18 0.31 0.18 0.21 0.2 0.22 0.21 0.21 0.18 0.29 0.18 0.34 0.17 0.39 0.18 0.28 0.18 0.34 0.18 0.37 0.18 0.17 0.18 0.17 0.17 0.19 0.0 0.0
0.32 0.26 0.32 0.27 0.31 0.26 0.29 0.25 0.26 0.24 0.32 0.29 0.31 0.32 0.31 0.33 0.29 0.27 0.26 0.24 0.0 0.0 0.29 0.31 0.29 0.34 0.29 0.38 0.32 0.25 0.32 0.26 0.0 0.0 0.33 0.27 0.18 0.19 0.17 0.22 0.17 0.22 0.17 0.26 0.18 0.29 0.18 0.21 0.2 0.22 0.21 0.21 0.18 0.29 0.18 0.34 0.17 0.39 0.18 0.28 0.18 0.33 0.18 0.37 0.18 0.17 0.18 0.17 0.17 0.19 0.0 0.0
0.32 0.26 0.32 0.27 0.31 0.26 0.29 0.25 0.0 0.0 0.32 0.29 0.31 0.32 0.31 0.33 0.28 0.26 0.26 0.24 0.25 0.23 0.29 0.29 0.29 0.34 0.29 0.38 0.32 0.25 0.32 0.25 0.0 0.0 0.33 0.26 0.18 0.19 0.17 0.22 0.17 0.22 0.17 0.26 0.18 0.29 0.18 0.21 0.2 0.22 0.21 0.21 0.18 0.28 0.18 0.34 0.17 0.39 0.18 0.28 0.18 0.33 0.18 0.37 0.18 0.17 0.18 0.17 0.17 0.19 0.0 0.0
0.32 0.25 0.32 0.27 0.31 0.25 0.29 0.25 0.28 0.26 0.32 0.28 0.32 0.31 0.31 0.32 0.28 0.26 0.26 0.24 0.24 0.21 0.29 0.29 0.29 0.34 0.29 0.38 0.0 0.0 0.32 0.25 0.0 0.0 0.32 0.26 0.18 0.19 0.17 0.22 0.17 0.22 0.17 0.26 0.18 0.29 0.18 0.21 0.2 0.22 0.21 0.21 0.18 0.29 0.18 0.34 0.17 0.39 0.18 0.28 0.18 0.34 0.18 0.37 0.18 0.17 0.18 0.17 0.17 0.19 0.0 0.0
0.31 0.25 0.32 0.26 0.31 0.25 0.29 0.25 0.28 0.26 0.32 0.28 0.32 0.31 0.31 0.32 0.29 0.27 0.26 0.24 0.24 0.22 0.29 0.29 0.29 0.34 0.29 0.38 0.0 0.0 0.32 0.25 0.0 0.0 0.32 0.26 0.18 0.19 0.17 0.22 0.17 0.22 0.17 0.26 0.18 0.29 0.18 0.21 0.2 0.22 0.21 0.21 0.18 0.29 0.18 0.34 0.17 0.39 0.18 0.28 0.18 0.34 0.18 0.37 0.18 0.17 0.18 0.17 0.17 0.19 0.0 0.0
0.31 0.25 0.31 0.26 0.31 0.25 0.29 0.25 0.27 0.26 0.32 0.28 0.32 0.31 0.31 0.32 0.29 0.29 0.29 0.33 0.29 0.38 0.31 0.31 0.29 0.34 0.29 0.38 0.31 0.24 0.32 0.25 0.0 0.0 0.32 0.25 0.18 0.19 0.17 0.22 0.17 0.22 0.17 0.26 0.18 0.29 0.18 0.21 0.2 0.22 0.21 0.21 0.18 0.28 0.18 0.34 0.17 0.39 0.18 0.28 0.18 0.33 0.18 0.37 0.18 0.17 0.18 0.17 0.17 0.19 0.0 0.0
0.31 0.24 0.31 0.26 0.31 0.25 0.29 0.24 0.28 0.26 0.32 0.27 0.32 0.31 0.31 0.32 0.29 0.29 0.29 0.34 0.29 0.38 0.3 0.31 0.0 0.0 0.0 0.0 0.0 0.0 0.31 0.24 0.0 0.0 0.32 0.25 0.18 0.19 0.17 0.22 0.17 0.22 0.17 0.26 0.18 0.29 0.18 0.21 0.2 0.22 0.21 0.21 0.17 0.28 0.18 0.34 0.17 0.39 0.18 0.28 0.18 0.33 0.18 0.37 0.18 0.17 0.0 0.0 0.17 0.19 0.0 0.0
0.31 0.24 0.31 0.26 0.31 0.25 0.29 0.24 0.27 0.26 0.32 0.27 0.32 0.31 0.31 0.32 0.29 0.29 0.29 0.34 0.29 0.38 0.31 0.31 0.29 0.34 0.29 0.38 0.0 0.0 0.31 0.24 0.0 0.0 0.32 0.24 0.18 0.19 0.17 0.22 0.17 0.22 0.17 0.26 0.18 0.29 0.18 0.21 0.2 0.22 0.21 0.21 0.17 0.28 0.18 0.34 0.17 0.39 0.18 0.28 0.18 0.33 0.18 0.37 0.18 0.17 0.18 0.17 0.17 0.19 0.0 0.0
0.31 0.24 0.31 0.25 0.3 0.24 0.29 0.24 0.27 0.26 0.32 0.27 0.32 0.31 0.3 0.31 0.29 0.29 0.29 0.34 0.29 0.38 0.3 0.31 0.29 0.34 0.29 0.38 0.31 0.23 0.31 0.23 0.0 0.0 0.32 0.24 0.18 0.19 0.17 0.22 0.17 0.22 0.17 0.26 0.18 0.29 0.18 0.21 0.2 0.22 0.21 0.21 0.17 0.28 0.18 0.34 0.17 0.39 0.18 0.28 0.18 0.34 0.18 0.37 0.18 0.17 0.18 0.17 0.17 0.19 0.0 0.0
0.31 0.23 0.31 0.25 0.3 0.24 0.29 0.24 0.27 0.26 0.32 0.27 0.32 0.31 0.31 0.31 0.29 0.29 0.29 0.34 0.29 0.38 0.3 0.31 0.29 0.34 0.29 0.38 0.0 0.0 0.31 0.23 0.0 0.0 0.32 0.24 0.18 0.19 0.17 0.22 0.17 0.22 0.17 0.26 0.18 0.29 0.18 0.21 0.2 0.22 0.21 0.21 0.17 0.28 0.18 0.34 0.17 0.39 0.18 0.28 0.18 0.33 0.18 0.37 0.18 0.17 0.18 0.17 0.17 0.19 0.0 0.0
0.31 0.23 0.31 0.25 0.3 0.24 0.28 0.25 0.26 0.26 0.32 0.26 0.31 0.31 0.29 0.29 0.29 0.29 0.29 0.34 0.29 0.38 0.3 0.31 0.29 0.34 0.29 0.38 0.0 0.0 0.31 0.23 0.0 0.0 0.32 0.23 0.18 0.19 0.17 0.22 0.17 0.22 0.17 0.26 0.18 0.29 0.18 0.21 0.2 0.22 0.21 0.21 0.17 0.28 0.18 0.34 0.17 0.39 0.18 0.28 0.18 0.33 0.18 0.37 0.18 0.17 0.18 0.17 0.17 0.19 0.0 0.0
0.31 0.23 0.31 0.25 0.29 0.24 0.27 0.26 0.25 0.27 0.32 0.26 0.31 0.29 0.29 0.29 0.29 0.29 0.0 0.0 0.0 0.0 0.31 0.31 0.29 0.31 0.29 0.38 0.31 0.22 0.31 0.22 0.0 0.0 0.32 0.23 0.18 0.19 0.17 0.22 0.17 0.22 0.17 0.26 0.18 0.29 0.18 0.21 0.2 0.22 0.21 0.21 0.17 0.28 0.18 0.34 0.17 0.39 0.18 0.28 0.18 0.33 0.18 0.37 0.18 0.17 0.0 0.0 0.17 0.19 0.0 0.0
0.31 0.22 0.31 0.25 0.29 0.24 0.27 0.26 0.26 0.27 0.32 0.26 0.31 0.29 0.29 0.28 0.29 0.29 0.29 0.32 0.29 0.38 0.31 0.31 0.0 0.0 0.0 0.0 0.0 0.0 0.31 0.22 0.0 0.0 0.31 0.23 0.18 0.19 0.17 0.22 0.17 0.22 0.17 0.26 0.18 0.29 0.18 0.21 0.2 0.22 0.21 0.21 0.18 0.28 0.18 0.34 0.17 0.39 0.18 0.28 0.18 0.33 0.18 0.37 0.18 0.17 0.0 0.0 0.17 0.19 0.0 0.0
0.3 0.22 0.31 0.24 0.29 0.23 0.28 0.25 0.27 0.27 0.32 0.25 0.31 0.29 0.29 0.28 0.29 0.28 0.29 0.33 0.29 0.38 0.3 0.29 0.29 0.33 0.29 0.38 0.0 0.0 0.31 0.22 0.0 0.0 0.31 0.23 0.18 0.19 0.17 0.22 0.17 0.22 0.17 0.26 0.18 0.29 0.18 0.21 0.2 0.22 0.21 0.21 0.18 0.28 0.18 0.34 0.17 0.39 0.18 0.28 0.18 0.33 0.18 0.37 0.18 0.17 0.0 0.0 0.17 0.19 0.0 0.0
0.3 0.22 0.31 0.24 0.29 0.23 0.28 0.25 0.27 0.27 0.32 0.25 0.31 0.29 0.29 0.27 0.28 0.28 0.0 0.0 0.0 0.0 0.29 0.29 0.29 0.33 0.29 0.38 0.0 0.0 0.31 0.22 0.0 0.0 0.31 0.22 0.18 0.19 0.17 0.22 0.17 0.22 0.17 0.26 0.18 0.29 0.18 0.21 0.2 0.22 0.21 0.21 0.18 0.29 0.18 0.34 0.17 0.39 0.18 0.28 0.18 0.33 0.18 0.37 0.18 0.17 0.0 0.0 0.17 0.19 0.0 0.0
0.3 0.22 0.31 0.24 0.29 0.23 0.27 0.25 0.27 0.27 0.32 0.25 0.31 0.28 0.29 0.27 0.28 0.28 0.26 0.29 0.26 0.34 0.29 0.29 0.29 0.33 0.29 0.38 0.0 0.0 0.3 0.21 0.0 0.0 0.31 0.22 0.18 0.19 0.17 0.22 0.17 0.22 0.17 0.26 0.18 0.29 0.18 0.21 0.2 0.22 0.21 0.21 0.18 0.29 0.18 0.34 0.17 0.39 0.18 0.28 0.18 0.33 0.18 0.37 0.18 0.17 0.0 0.0 0.17 0.19 0.0 0.0
0.3 0.21 0.31 0.24 0.29 0.23 0.27 0.25 0.27 0.27 0.32 0.25 0.31 0.28 0.29 0.27 0.28 0.28 0.26 0.31 0.26 0.34 0.29 0.29 0.29 0.33 0.29 0.38 0.0 0.0 0.3 0.21 0.0 0.0 0.31 0.22 0.18 0.19 0.17 0.22 0.17 0.22 0.17 0.26 0.18 0.29 0.18 0.21 0.2 0.22 0.21 0.21 0.17 0.29 0.18 0.34 0.17 0.39 0.18 0.28 0.18 0.33 0.18 0.37 0.18 0.17 0.0 0.0 0.17 0.19 0.0 0.0
0.29 0.21 0.31 0.24 0.29 0.23 0.27 0.25 0.27 0.27 0.32 0.24 0.31 0.28 0.29 0.27 0.28 0.27 0.26 0.31 0.26 0.35 0.29 0.29 0.29 0.33 0.29 0.38 0.0 0.0 0.3 0.21 0.0 0.0 0.31 0.22 0.18 0.19 0.17 0.22 0.17 0.22 0.17 0.26 0.18 0.29 0.18 0.21 0.2 0.22 0.21 0.21 0.17 0.29 0.18 0.34 0.17 0.39 0.18 0.28 0.18 0.33 0.18 0.37 0.18 0.17 0.0 0.0 0.17 0.19 0.0 0.0
0.29 0.21 0.3 0.23 0.29 0.23 0.27 0.25 0.27 0.27 0.31 0.24 0.31 0.28 0.29 0.27 0.28 0.27 0.27 0.29 0.26 0.34 0.29 0.28 0.29 0.33 0.29 0.38 0.0 0.0 0.3 0.21 0.0 0.0 0.31 0.21 0.18 0.19 0.17 0.22 0.17 0.22 0.17 0.26 0.18 0.29 0.18 0.21 0.2 0.22 0.21 0.21 0.18 0.29 0.18 0.34 0.17 0.39 0.18 0.28 0.18 0.33 0.18 0.37 0.18 0.17 0.0 0.0 0.17 0.19 0.0 0.0
0.29 0.21 0.3 0.23 0.29 0.23 0.27 0.25 0.27 0.28 0.31 0.24 0.31 0.28 0.29 0.27 0.28 0.27 0.27 0.32 0.26 0.37 0.29 0.28 0.29 0.33 0.29 0.38 0.0 0.0 0.29 0.2 0.0 0.0 0.31 0.21 0.18 0.19 0.17 0.22 0.17 0.22 0.17 0.26 0.17 0.29 0.18 0.21 0.2 0.22 0.21 0.21 0.18 0.29 0.18 0.34 0.17 0.39 0.18 0.28 0.18 0.33 0.18 0.37 0.18 0.17 0.0 0.0 0.17 0.19 0.0 0.0
0.29 0.21 0.3 0.23 0.29 0.23 0.27 0.25 0.27 0.27 0.31 0.24 0.31 0.27 0.29 0.27 0.28 0.27 0.27 0.32 0.26 0.37 0.29 0.28 0.29 0.33 0.29 0.38 0.0 0.0 0.29 0.2 0.0 0.0 0.3 0.21 0.18 0.19 0.17 0.22 0.17 0.22 0.17 0.26 0.18 0.29 0.18 0.21 0.2 0.22 0.21 0.22 0.17 0.29 0.18 0.34 0.17 0.39 0.18 0.28 0.18 0.33 0.18 0.37 0.18 0.17 0.0 0.0 0.17 0.19 0.0 0.0
0.29 0.21 0.3 0.23 0.29 0.23 0.27 0.25 0.27 0.27 0.31 0.24 0.31 0.27 0.29 0.27 0.28 0.28 0.27 0.33 0.26 0.38 0.29 0.28 0.29 0.33 0.29 0.38 0.0 0.0 0.29 0.2 0.0 0.0 0.3 0.21 0.18 0.19 0.17 0.22 0.17 0.22 0.17 0.26 0.17 0.29 0.18 0.21 0.2 0.22 0.21 0.22 0.17 0.29 0.17 0.34 0.17 0.39 0.18 0.28 0.18 0.33 0.18 0.37 0.18 0.19 0.0 0.0 0.17 0.19 0.0 0.0
0.29 0.21 0.29 0.23 0.28 0.23 0.27 0.25 0.27 0.27 0.31 0.24 0.31 0.27 0.29 0.27 0.28 0.28 0.27 0.33 0.26 0.38 0.29 0.29 0.29 0.34 0.29 0.38 0.0 0.0 0.29 0.2 0.0 0.0 0.3 0.21 0.18 0.19 0.17 0.22 0.17 0.22 0.17 0.26 0.17 0.29 0.18 0.21 0.2 0.22 0.21 0.22 0.17 0.29 0.18 0.34 0.17 0.39 0.18 0.28 0.18 0.33 0.18 0.37 0.18 0.19 0.0 0.0 0.17 0.19 0.0 0.0
0.29 0.2 0.29 0.23 0.28 0.23 0.27 0.25 0.27 0.27 0.31 0.24 0.31 0.27 0.29 0.28 0.27 0.28 0.27 0.33 0.26 0.38 0.29 0.28 0.29 0.33 0.29 0.38 0.0 0.0 0.29 0.2 0.0 0.0 0.3 0.21 0.18 0.19 0.17 0.22 0.17 0.22 0.17 0.26 0.17 0.29 0.18 0.21 0.2 0.22 0.21 0.22 0.17 0.29 0.18 0.34 0.17 0.39 0.18 0.28 0.18 0.33 0.18 0.37 0.18 0.19 0.0 0.0 0.17 0.19 0.0 0.0
0.29 0.21 0.29 0.23 0.28 0.23 0.27 0.25 0.27 0.28 0.31 0.24 0.31 0.27 0.3 0.28 0.27 0.28 0.27 0.33 0.26 0.38 0.29 0.28 0.29 0.33 0.29 0.38 0.0 0.0 0.29 0.2 0.0 0.0 0.29 0.21 0.18 0.19 0.17 0.22 0.17 0.22 0.17 0.26 0.17 0.29 0.18 0.21 0.2 0.22 0.21 0.22 0.17 0.29 0.18 0.34 0.17 0.39 0.18 0.28 0.18 0.33 0.18 0.37 0.18 0.19 0.0 0.0 0.17 0.19 0.0 0.0
0.28 0.2 0.29 0.23 0.27 0.23 0.26 0.26 0.27 0.28 0.31 0.24 0.31 0.27 0.3 0.28 0.27 0.28 0.27 0.33 0.26 0.38 0.29 0.29 0.29 0.34 0.29 0.38 0.0 0.0 0.29 0.2 0.0 0.0 0.29 0.21 0.18 0.19 0.17 0.22 0.17 0.22 0.17 0.26 0.17 0.29 0.18 0.21 0.2 0.22 0.21 0.22 0.17 0.29 0.18 0.34 0.17 0.39 0.18 0.28 0.18 0.33 0.18 0.37 0.18 0.19 0.0 0.0 0.17 0.19 0.0 0.0
0.28 0.21 0.29 0.23 0.27 0.23 0.26 0.26 0.27 0.28 0.3 0.23 0.31 0.26 0.3 0.28 0.27 0.28 0.27 0.33 0.26 0.38 0.29 0.28 0.29 0.33 0.29 0.38 0.28 0.2 0.28 0.2 0.0 0.0 0.29 0.21 0.18 0.19 0.17 0.22 0.17 0.22 0.17 0.26 0.17 0.29 0.18 0.21 0.2 0.22 0.21 0.22 0.17 0.28 0.18 0.34 0.17 0.39 0.18 0.28 0.18 0.33 0.18 0.37 0.18 0.17 0.0 0.0 0.17 0.19 0.0 0.0
0.28 0.2 0.29 0.23 0.27 0.23 0.26 0.26 0.27 0.28 0.3 0.23 0.31 0.26 0.31 0.28 0.27 0.28 0.27 0.33 0.26 0.38 0.29 0.28 0.29 0.33 0.29 0.38 0.0 0.0 0.28 0.2 0.0 0.0 0.29 0.21 0.18 0.19 0.17 0.22 0.17 0.22 0.17 0.26 0.17 0.29 0.18 0.21 0.2 0.22 0.21 0.22 0.17 0.29 0.18 0.34 0.17 0.39 0.18 0.28 0.18 0.33 0.18 0.37 0.18 0.17 0.18 0.17 0.17 0.19 0.0 0.0
0.27 0.2 0.29 0.23 0.27 0.23 0.26 0.26 0.27 0.28 0.3 0.23 0.31 0.26 0.31 0.28 0.27 0.28 0.27 0.33 0.26 0.38 0.29 0.28 0.29 0.33 0.29 0.38 0.0 0.0 0.28 0.2 0.0 0.0 0.29 0.21 0.18 0.19 0.17 0.22 0.17 0.22 0.17 0.26 0.17 0.29 0.18 0.21 0.2 0.22 0.21 0.22 0.17 0.28 0.18 0.34 0.17 0.39 0.18 0.28 0.18 0.33 0.18 0.37 0.18 0.17 0.18 0.17 0.17 0.19 0.0 0.0
0.27 0.2 0.28 0.23 0.27 0.23 0.26 0.26 0.27 0.28 0.3 0.23 0.31 0.26 0.3 0.28 0.27 0.28 0.27 0.33 0.26 0.38 0.29 0.28 0.29 0.33 0.29 0.38 0.0 0.0 0.27 0.2 0.0 0.0 0.29 0.21 0.18 0.19 0.17 0.22 0.17 0.22 0.17 0.26 0.17 0.29 0.18 0.21 0.2 0.22 0.21 0.22 0.17 0.29 0.17 0.34 0.17 0.39 0.18 0.28 0.18 0.33 0.18 0.37 0.18 0.17 0.18 0.17 0.17 0.19 0.0 0.0
0.27 0.2 0.28 0.23 0.27 0.23 0.26 0.26 0.27 0.28 0.29 0.23 0.31 0.26 0.3 0.28 0.27 0.28 0.27 0.33 0.26 0.38 0.29 0.28 0.29 0.33 0.29 0.38 0.0 0.0 0.27 0.2 0.0 0.0 0.29 0.21 0.18 0.19 0.17 0.22 0.17 0.22 0.17 0.26 0.17 0.29 0.18 0.21 0.2 0.22 0.21 0.22 0.17 0.29 0.17 0.34 0.17 0.39 0.18 0.28 0.18 0.33 0.18 0.37 0.18 0.17 0.0 0.0 0.17 0.19 0.0 0.0
0.27 0.2 0.28 0.23 0.27 0.23 0.26 0.26 0.27 0.28 0.29 0.23 0.31 0.26 0.3 0.28 0.27 0.28 0.27 0.33 0.26 0.38 0.29 0.29 0.29 0.34 0.29 0.38 0.0 0.0 0.27 0.2 0.0 0.0 0.28 0.2 0.18 0.19 0.17 0.22 0.17 0.22 0.17 0.26 0.17 0.29 0.18 0.21 0.2 0.22 0.21 0.22 0.17 0.29 0.17 0.34 0.17 0.39 0.18 0.28 0.18 0.33 0.18 0.37 0.18 0.17 0.0 0.0 0.17 0.19 0.0 0.0
0.27 0.2 0.28 0.23 0.27 0.23 0.26 0.26 0.26 0.28 0.29 0.23 0.31 0.26 0.29 0.27 0.27 0.28 0.27 0.33 0.26 0.38 0.29 0.28 0.29 0.33 0.29 0.38 0.0 0.0 0.27 0.2 0.0 0.0 0.28 0.2 0.18 0.19 0.17 0.22 0.17 0.22 0.17 0.26 0.17 0.29 0.18 0.21 0.2 0.22 0.21 0.22 0.17 0.29 0.17 0.34 0.17 0.39 0.18 0.28 0.18 0.33 0.18 0.37 0.18 0.17 0.0 0.0 0.17 0.19 0.0 0.0
0.27 0.2 0.28 0.23 0.26 0.23 0.26 0.26 0.26 0.28 0.29 0.23 0.3 0.26 0.29 0.27 0.27 0.28 0.27 0.33 0.26 0.38 0.29 0.28 0.29 0.33 0.29 0.38 0.0 0.0 0.27 0.2 0.0 0.0 0.28 0.2 0.18 0.19 0.17 0.22 0.17 0.22 0.17 0.26 0.17 0.29 0.18 0.21 0.2 0.22 0.21 0.22 0.17 0.29 0.17 0.34 0.17 0.39 0.18 0.28 0.18 0.33 0.18 0.37 0.18 0.17 0.0 0.0 0.17 0.19 0.0 0.0
